RCFDHU20,RCFDHU21,RCFDHU22,RCFDHU23,RCFDJ981,RCFDJF77,RCFDJF78,RCFDJF84,RCFDJF85,RCFDJF86,RCFDJF87,RCFDJF88,RCFDJF89,RCFDJF90,RCFDJF91,RCFDJF92,RCFDJF93,RCFDK009,RCFDK030,RCFDK033,IDRSSD,RCON9999
,,,,,,,,,,,,,,,,,,,,37,2009-03-31
,,,,,,,,,,,,,,,,,,,,242,2009-03-31
,,,,,,,,,,,,,,,,,,,,279,2009-03-31
,,,,,,,,,,,,,,,,,,,,354,2009-03-31
,,,,,,,,,,,,,,,,,,,,457,2009-03-31
,,,,,,,,,,,,,,,,,,,,505,2009-03-31
,,,,,,,,,,,,,,,,,,,,1155,2009-03-31
,,,,,,,,,,,,,,,,,,,,1351,2009-03-31
,,,,,,,,,,,,,,,,,,,,1454,2009-03-31
,,,,,,,,,,,,,,,,,,,,1557,2009-03-31
,,,,,,,,,,,,,,,,,,,,1632,2009-03-31
,,,,,,,,,,,,,,,,,,,,1669,2009-03-31
,,,,,,,,,,,,,,,,,,,,1829,2009-03-31
,,,,,,,,,,,,,,,,,,,,1856,2009-03-31
,,,,,,,,,,,,,,,,,,,,2040,2009-03-31
,,,,,,,,,,,,,,,,,,,,2161,2009-03-31
,,,,,,,,,,,,,,,,,,,,2376,2009-03-31
,,,,,,,,,,,,,,,,,,,,2451,2009-03-31
,,,,,,,,,,,,,,,,,,,,2554,2009-03-31
,,,,,,,,,,,,,,,,,,,,2732,2009-03-31
,,,,,,,,,,,,,,,,,,,,2750,2009-03-31
,,,,,,,,,,,,,,,,,,,,2938,2009-03-31
,,,,,,,,,,,,,,,,,,,,3252,2009-03-31
,,,,,,,,,,,,,,,,,,,,3458,2009-03-31
,,,,,,,,,,,,,,,,,,,,3720,2009-03-31
,,,,,,,,,,,,,,,,,,,,3953,2009-03-31
,,,,,,,,,,,,,,,,,,,,4138,2009-03-31
,,,,,,,,,,,,,,,,,,,,4156,2009-03-31
,,,,,,,,,,,,,,,,,,,,4231,2009-03-31
,,,,,,,,,,,,,,,,,,,,4437,2009-03-31
,,,,,,,,,,,,,,,,,,,,4839,2009-03-31
,,,,,,,,,,,,,,,,,,,,5005,2009-03-31
,,,,,,,,,,,,,,,,,,,,5069,2009-03-31
,,,,,,,,,,,,,,,,,,,,5135,2009-03-31
,,,,,,,,,,,,,,,,,,,,5210,2009-03-31
,,,,,,,,,,,,,,,,,,,,5331,2009-03-31
,,,,,,,,,,,,,,,,,,,,5461,2009-03-31
,,,,,,,,,,,,,,,,,,,,5751,2009-03-31
,,,,,,,,,,,,,,,,,,,,6039,2009-03-31
,,,,,,,,,,,,,,,,,,,,6141,2009-03-31
,,,,,,,,,,,,,,,,,,,,6329,2009-03-31
,,,,,,,,,,,,,,,,,,,,6972,2009-03-31
,,,,,,,,,,,,,,,,,,,,7009,2009-03-31
,,,,,,,,,,,,,,,,,,,,7045,2009-03-31
,,,,,,,,,,,,,,,,,,,,7157,2009-03-31
,,,,,,,,,,,,,,,,,,,,7456,2009-03-31
,,,,,,,,,,,,,,,,,,,,7634,2009-03-31
,,,,,,,,,,,,,,,,,,,,8033,2009-03-31
,,,,,,,,,,,,,,,,,,,,8462,2009-03-31
,,,,,,,,,,,,,,,,,,,,8631,2009-03-31
,,,,,,,,,,,,,,,,,,,,9357,2009-03-31
,,,,,,,,,,,,,,,,,,,,9553,2009-03-31
,,,,,,,,,,,,,,,,,,,,9807,2009-03-31
,,,,,,,,,,,,,,,,,,,,9955,2009-03-31
,,,,,,,,,,,,,,,,,,,,10157,2009-03-31
,,,,,,,,,,,,,,,,,,,,10250,2009-03-31
,,,,,,,,,,,,,,,,,,,,10849,2009-03-31
,,,,,,,,,,,,,,,,,,,,10858,2009-03-31
,,,,,,,,,,,,,,,,,,,,11145,2009-03-31
,,,,,,,,,,,,,,,,,,,,11640,2009-03-31
,,,,,,,,,,,,,,,,,,,,11837,2009-03-31
,,,,,,,,,,,,,,,,,,,,12030,2009-03-31
,,,,,,,,,,,,,,,,,,,,12142,2009-03-31
,,,,,,,,,,,,,,,,,,,,12245,2009-03-31
,,,,,,,,,,,,,,,,,,,,12311,2009-03-31
,,,,,,,,,,,,,,,,,,,,12647,2009-03-31
,,,,,,,,,,,,,,,,,,,,12656,2009-03-31
,,,,,,,,,,,,,,,,,,,,12937,2009-03-31
,,,,,,,,,,,,,,,,,,,,12946,2009-03-31
,,,,,,,,,,,,,,,,,,,,12955,2009-03-31
,,,,,,,,,,,,,,,,,,,,13037,2009-03-31
,,,,,,,,,,,,,,,,,,,,13103,2009-03-31
,,,,,,,,,,,,,,,,,,,,13251,2009-03-31
,,,,,,,,,,,,,,,,,,,,13457,2009-03-31
,,,,,,,,,,,,,,,,,,,,14052,2009-03-31
,,,,,,,,,,,,,,,,,,,,14155,2009-03-31
,,,,,,,,,,,,,,,,,,,,14454,2009-03-31
,,,,,,,,,,,,,,,,,,,,14650,2009-03-31
,,,,,,,,,,,,,,,,,,,,14753,2009-03-31
,,,,,,,,,,,,,,,,,,,,14865,2009-03-31
,,,,,,,,,,,,,,,,,,,,14977,2009-03-31
,,,,,,,,,,,,,,,,,,,,15536,2009-03-31
,,,,,,,,,,,,,,,,,,,,16337,2009-03-31
,,,,,,,,,,,,,,,,,,,,16458,2009-03-31
,,,,,,,,,,,,,,,,,,,,16551,2009-03-31
,,,,,,,,,,,,,,,,,,,,16748,2009-03-31
,,,,,,,,,,,,,,,,,,,,16944,2009-03-31
,,,,,,,,,,,,,,,,,,,,16953,2009-03-31
,,,,,,,,,,,,,,,,,,,,17110,2009-03-31
,,,,,,,,,,,,,,,,,,,,17147,2009-03-31
,,,,,,,,,,,,,,,,,,,,17259,2009-03-31
,,,,,,,,,,,,,,,,,,,,17464,2009-03-31
,,,,,,,,,,,,,,,,,,,,17950,2009-03-31
,,,,,,,,,,,,,,,,,,,,18050,2009-03-31
,,,,,,,,,,,,,,,,,,,,18135,2009-03-31
,,,,,,,,,,,,,,,,,,,,18377,2009-03-31
,,,,,,,,,,,,,,,,,,,,18827,2009-03-31
,,,,,,,,,,,,,,,,,,,,18836,2009-03-31
,,,,,,,,,,,,,,,,,,,,18854,2009-03-31
,,,,,,,,,,,,,,,,,,,,18957,2009-03-31
,,,,,,,,,,,,,,,,,,,,19356,2009-03-31
,,,,,,,,,,,,,,,,,,,,19730,2009-03-31
,,,,,,,,,,,,,,,,,,,,19936,2009-03-31
,,,,,,,,,,,,,,,,,,,,19972,2009-03-31
,,,,,,,,,,,,,,,,,,,,20053,2009-03-31
,,,,,,,,,,,,,,,,,,,,20147,2009-03-31
,,,,,,,,,,,,,,,,,,,,20370,2009-03-31
,,,,,,,,,,,,,,,,,,,,20512,2009-03-31
,,,,,,,,,,,,,,,,,,,,20633,2009-03-31
,,,,,,,,,,,,,,,,,,,,20857,2009-03-31
,,,,,,,,,,,,,,,,,,,,20866,2009-03-31
,,,,,,,,,,,,,,,,,,,,21256,2009-03-31
,,,,,,,,,,,,,,,,,,,,21359,2009-03-31
,,,,,,,,,,,,,,,,,,,,21630,2009-03-31
,,,,,,,,,,,,,,,,,,,,21658,2009-03-31
,,,,,,,,,,,,,,,,,,,,22048,2009-03-31
,,,,,,,,,,,,,,,,,,,,22356,2009-03-31
,,,,,,,,,,,,,,,,,,,,22459,2009-03-31
,,,,,,,,,,,,,,,,,,,,22543,2009-03-31
,,,,,,,,,,,,,,,,,,,,22552,2009-03-31
,,,,,,,,,,,,,,,,,,,,22730,2009-03-31
,,,,,,,,,,,,,,,,,,,,22936,2009-03-31
,,,,,,,,,,,,,,,,,,,,22954,2009-03-31
,,,,,,,,,,,,,,,,,,,,23036,2009-03-31
,,,,,,,,,,,,,,,,,,,,23045,2009-03-31
,,,,,,,,,,,,,,,,,,,,23241,2009-03-31
,,,,,,,,,,,,,,,,,,,,23456,2009-03-31
,,,,,,,,,,,,,,,,,,,,23504,2009-03-31
,,,,,,,,,,,,,,,,,,,,23540,2009-03-31
,,,,,,,,,,,,,,,,,,,,23643,2009-03-31
,,,,,,,,,,,,,,,,,,,,23755,2009-03-31
,,,,,,,,,,,,,,,,,,,,23812,2009-03-31
,,,,,,,,,,,,,,,,,,,,24006,2009-03-31
,,,,,,,,,,,,,,,,,,,,24453,2009-03-31
,,,,,,,,,,,,,,,,,,,,24659,2009-03-31
,,,,,,,,,,,,,,,,,,,,24668,2009-03-31
,,,,,,,,,,,,,,,,,,,,24855,2009-03-31
,,,,,,,,,,,,,,,,,,,,24949,2009-03-31
,,,,,,,,,,,,,,,,,,,,25357,2009-03-31
,,,,,,,,,,,,,,,,,,,,25647,2009-03-31
,,,,,,,,,,,,,,,,,,,,26149,2009-03-31
,,,,,,,,,,,,,,,,,,,,26242,2009-03-31
,,,,,,,,,,,,,,,,,,,,26457,2009-03-31
,,,,,,,,,,,,,,,,,,,,26765,2009-03-31
,,,,,,,,,,,,,,,,,,,,26859,2009-03-31
,,,,,,,,,,,,,,,,,,,,26916,2009-03-31
,,,,,,,,,,,,,,,,,,,,27548,2009-03-31
,,,,,,,,,,,,,,,,,,,,27614,2009-03-31
,,,,,,,,,,,,,,,,,,,,27847,2009-03-31
,,,,,,,,,,,,,,,,,,,,28152,2009-03-31
,,,,,,,,,,,,,,,,,,,,28255,2009-03-31
,,,,,,,,,,,,,,,,,,,,28349,2009-03-31
,,,,,,,,,,,,,,,,,,,,28406,2009-03-31
,,,,,,,,,,,,,,,,,,,,28572,2009-03-31
,,,,,,,,,,,,,,,,,,,,28732,2009-03-31
,,,,,,,,,,,,,,,,,,,,29104,2009-03-31
,,,,,,,,,,,,,,,,,,,,29252,2009-03-31
,,,,,,,,,,,,,,,,,,,,29636,2009-03-31
,,,,,,,,,,,,,,,,,,,,29850,2009-03-31
,,,,,,,,,,,,,,,,,,,,29944,2009-03-31
,,,,,,,,,,,,,,,,,,,,29953,2009-03-31
,,,,,,,,,,,,,,,,,,,,30052,2009-03-31
,,,,,,,,,,,,,,,,,,,,30258,2009-03-31
,,,,,,,,,,,,,,,,,,,,30418,2009-03-31
,,,,,,,,,,,,,,,,,,,,30502,2009-03-31
,,,,,,,,,,,,,,,,,,,,30650,2009-03-31
,,,,,,,,,,,,,,,,,,,,30810,2009-03-31
,,,,,,,,,,,,,,,,,,,,31134,2009-03-31
,,,,,,,,,,,,,,,,,,,,31255,2009-03-31
,,,,,,,,,,,,,,,,,,,,31657,2009-03-31
,,,,,,,,,,,,,,,,,,,,31826,2009-03-31
,,,,,,,,,,,,,,,,,,,,31835,2009-03-31
,,,,,,,,,,,,,,,,,,,,32234,2009-03-31
,,,,,,,,,,,,,,,,,,,,32766,2009-03-31
,,,,,,,,,,,,,,,,,,,,33147,2009-03-31
,,,,,,,,,,,,,,,,,,,,33259,2009-03-31
,,,,,,,,,,,,,,,,,,,,33268,2009-03-31
,,,,,,,,,,,,,,,,,,,,33549,2009-03-31
,,,,,,,,,,,,,,,,,,,,33727,2009-03-31
,,,,,,,,,,,,,,,,,,,,33754,2009-03-31
,,,,,,,,,,,,,,,,,,,,33839,2009-03-31
,,,,,,,,,,,,,,,,,,,,33857,2009-03-31
,,,,,,,,,,,,,,,,,,,,34153,2009-03-31
,,,,,,,,,,,,,,,,,,,,34359,2009-03-31
,,,,,,,,,,,,,,,,,,,,34425,2009-03-31
,,,,,,,,,,,,,,,,,,,,34434,2009-03-31
,,,,,,,,,,,,,,,,,,,,34452,2009-03-31
,,,,,,,,,,,,,,,,,,,,34537,2009-03-31
,,,,,,,,,,,,,,,,,,,,34555,2009-03-31
,,,,,,,,,,,,,,,,,,,,34742,2009-03-31
,,,,,,,,,,,,,,,,,,,,34836,2009-03-31
,,,,,,,,,,,,,,,,,,,,34863,2009-03-31
,,,,,,,,,,,,,,,,,,,,35057,2009-03-31
,,,,,,,,,,,,,,,,,,,,35301,2009-03-31
,,,,,,,,,,,,,,,,,,,,35570,2009-03-31
,,,,,,,,,,,,,,,,,,,,35646,2009-03-31
,,,,,,,,,,,,,,,,,,,,35842,2009-03-31
,,,,,,,,,,,,,,,,,,,,36054,2009-03-31
,,,,,,,,,,,,,,,,,,,,36344,2009-03-31
,,,,,,,,,,,,,,,,,,,,36456,2009-03-31
,,,,,,,,,,,,,,,,,,,,36858,2009-03-31
,,,,,,,,,,,,,,,,,,,,36933,2009-03-31
,,,,,,,,,,,,,,,,,,,,37051,2009-03-31
,,,,,,,,,,,,,,,,,,,,37341,2009-03-31
,,,,,,,,,,,,,,,,,,,,37350,2009-03-31
,,,,,,,,,,,,,,,,,,,,37378,2009-03-31
,,,,,,,,,,,,,,,,,,,,37435,2009-03-31
,,,,,,,,,,,,,,,,,,,,37640,2009-03-31
,,,,,,,,,,,,,,,,,,,,37659,2009-03-31
,,,,,,,,,,,,,,,,,,,,37743,2009-03-31
,,,,,,,,,,,,,,,,,,,,37949,2009-03-31
,,,,,,,,,,,,,,,,,,,,38535,2009-03-31
,,,,,,,,,,,,,,,,,,,,38740,2009-03-31
,,,,,,,,,,,,,,,,,,,,39327,2009-03-31
,,,,,,,,,,,,,,,,,,,,39420,2009-03-31
,,,,,,,,,,,,,,,,,,,,39475,2009-03-31
,,,,,,,,,,,,,,,,,,,,39756,2009-03-31
,,,,,,,,,,,,,,,,,,,,40033,2009-03-31
,,,,,,,,,,,,,,,,,,,,40350,2009-03-31
,,,,,,,,,,,,,,,,,,,,40707,2009-03-31
,,,,,,,,,,,,,,,,,,,,40855,2009-03-31
,,,,,,,,,,,,,,,,,,,,41245,2009-03-31
,,,,,,,,,,,,,,,,,,,,41553,2009-03-31
,,,,,,,,,,,,,,,,,,,,41629,2009-03-31
,,,,,,,,,,,,,,,,,,,,41647,2009-03-31
,,,,,,,,,,,,,,,,,,,,41759,2009-03-31
,,,,,,,,,,,,,,,,,,,,41825,2009-03-31
,,,,,,,,,,,,,,,,,,,,41937,2009-03-31
,,,,,,,,,,,,,,,,,,,,41955,2009-03-31
,,,,,,,,,,,,,,,,,,,,42037,2009-03-31
,,,,,,,,,,,,,,,,,,,,42055,2009-03-31
,,,,,,,,,,,,,,,,,,,,42354,2009-03-31
,,,,,,,,,,,,,,,,,,,,42420,2009-03-31
,,,,,,,,,,,,,,,,,,,,42448,2009-03-31
,,,,,,,,,,,,,,,,,,,,42457,2009-03-31
,,,,,,,,,,,,,,,,,,,,43052,2009-03-31
,,,,,,,,,,,,,,,,,,,,43155,2009-03-31
,,,,,,,,,,,,,,,,,,,,43173,2009-03-31
,,,,,,,,,,,,,,,,,,,,43351,2009-03-31
,,,,,,,,,,,,,,,,,,,,43454,2009-03-31
,,,,,,,,,,,,,,,,,,,,43511,2009-03-31
,,,,,,,,,,,,,,,,,,,,43744,2009-03-31
,,,,,,,,,,,,,,,,,,,,43856,2009-03-31
,,,,,,,,,,,,,,,,,,,,43959,2009-03-31
,,,,,,,,,,,,,,,,,,,,44040,2009-03-31
,,,,,,,,,,,,,,,,,,,,44134,2009-03-31
,,,,,,,,,,,,,,,,,,,,44433,2009-03-31
,,,,,,,,,,,,,,,,,,,,44741,2009-03-31
,,,,,,,,,,,,,,,,,,,,44750,2009-03-31
,,,,,,,,,,,,,,,,,,,,44929,2009-03-31
,,,,,,,,,,,,,,,,,,,,45038,2009-03-31
,,,,,,,,,,,,,,,,,,,,45047,2009-03-31
,,,,,,,,,,,,,,,,,,,,45056,2009-03-31
,,,,,,,,,,,,,,,,,,,,45430,2009-03-31
,,,,,,,,,,,,,,,,,,,,45458,2009-03-31
,,,,,,,,,,,,,,,,,,,,45551,2009-03-31
,,,,,,,,,,,,,,,,,,,,45560,2009-03-31
,,,,,,,,,,,,,,,,,,,,45775,2009-03-31
,,,,,,,,,,,,,,,,,,,,46053,2009-03-31
,,,,,,,,,,,,,,,,,,,,46941,2009-03-31
,,,,,,,,,,,,,,,,,,,,47153,2009-03-31
,,,,,,,,,,,,,,,,,,,,47247,2009-03-31
,,,,,,,,,,,,,,,,,,,,47256,2009-03-31
,,,,,,,,,,,,,,,,,,,,47452,2009-03-31
,,,,,,,,,,,,,,,,,,,,47500,2009-03-31
,,,,,,,,,,,,,,,,,,,,48057,2009-03-31
,,,,,,,,,,,,,,,,,,,,48150,2009-03-31
,,,,,,,,,,,,,,,,,,,,48374,2009-03-31
,,,,,,,,,,,,,,,,,,,,48440,2009-03-31
,,,,,,,,,,,,,,,,,,,,48730,2009-03-31
,,,,,,,,,,,,,,,,,,,,49054,2009-03-31
,,,,,,,,,,,,,,,,,,,,49148,2009-03-31
,,,,,,,,,,,,,,,,,,,,49241,2009-03-31
,,,,,,,,,,,,,,,,,,,,49344,2009-03-31
,,,,,,,,,,,,,,,,,,,,49643,2009-03-31
,,,,,,,,,,,,,,,,,,,,49652,2009-03-31
,,,,,,,,,,,,,,,,,,,,49821,2009-03-31
,,,,,,,,,,,,,,,,,,,,49858,2009-03-31
,,,,,,,,,,,,,,,,,,,,49951,2009-03-31
,,,,,,,,,,,,,,,,,,,,50144,2009-03-31
,,,,,,,,,,,,,,,,,,,,50461,2009-03-31
,,,,,,,,,,,,,,,,,,,,50546,2009-03-31
,,,,,,,,,,,,,,,,,,,,50854,2009-03-31
,,,,,,,,,,,,,,,,,,,,50957,2009-03-31
,,,,,,,,,,,,,,,,,,,,51253,2009-03-31
,,,,,,,,,,,,,,,,,,,,51356,2009-03-31
,,,,,,,,,,,,,,,,,,,,51459,2009-03-31
,,,,,,,,,,,,,,,,,,,,51730,2009-03-31
,,,,,,,,,,,,,,,,,,,,51842,2009-03-31
,,,,,,,,,,,,,,,,,,,,52410,2009-03-31
,,,,,,,,,,,,,,,,,,,,52719,2009-03-31
,,,,,,,,,,,,,,,,,,,,52951,2009-03-31
,,,,,,,,,,,,,,,,,,,,53015,2009-03-31
,,,,,,,,,,,,,,,,,,,,53033,2009-03-31
,,,,,,,,,,,,,,,,,,,,53051,2009-03-31
,,,,,,,,,,,,,,,,,,,,53239,2009-03-31
,,,,,,,,,,,,,,,,,,,,53453,2009-03-31
,,,,,,,,,,,,,,,,,,,,53752,2009-03-31
,,,,,,,,,,,,,,,,,,,,54049,2009-03-31
,,,,,,,,,,,,,,,,,,,,54058,2009-03-31
,,,,,,,,,,,,,,,,,,,,54357,2009-03-31
,,,,,,,,,,,,,,,,,,,,54375,2009-03-31
,,,,,,,,,,,,,,,,,,,,54441,2009-03-31
,,,,,,,,,,,,,,,,,,,,54656,2009-03-31
,,,,,,,,,,,,,,,,,,,,55176,2009-03-31
,,,,,,,,,,,,,,,,,,,,55336,2009-03-31
,,,,,,,,,,,,,,,,,,,,55635,2009-03-31
,,,,,,,,,,,,,,,,,,,,55653,2009-03-31
,,,,,,,,,,,,,,,,,,,,56258,2009-03-31
,,,,,,,,,,,,,,,,,,,,56351,2009-03-31
,,,,,,,,,,,,,,,,,,,,56427,2009-03-31
,,,,,,,,,,,,,,,,,,,,56548,2009-03-31
,,,,,,,,,,,,,,,,,,,,56557,2009-03-31
,,,,,,,,,,,,,,,,,,,,56717,2009-03-31
,,,,,,,,,,,,,,,,,,,,57040,2009-03-31
,,,,,,,,,,,,,,,,,,,,57228,2009-03-31
,,,,,,,,,,,,,,,,,,,,57255,2009-03-31
,,,,,,,,,,,,,,,,,,,,57451,2009-03-31
,,,,,,,,,,,,,,,,,,,,57572,2009-03-31
,,,,,,,,,,,,,,,,,,,,57956,2009-03-31
,,,,,,,,,,,,,,,,,,,,58074,2009-03-31
,,,,,,,,,,,,,,,,,,,,58207,2009-03-31
,,,,,,,,,,,,,,,,,,,,58225,2009-03-31
,,,,,,,,,,,,,,,,,,,,58243,2009-03-31
,,,,,,,,,,,,,,,,,,,,58355,2009-03-31
,,,,,,,,,,,,,,,,,,,,58551,2009-03-31
,,,,,,,,,,,,,,,,,,,,58636,2009-03-31
,,,,,,,,,,,,,,,,,,,,58757,2009-03-31
,,,,,,,,,,,,,,,,,,,,58971,2009-03-31
,,,,,,,,,,,,,,,,,,,,59316,2009-03-31
,,,,,,,,,,,,,,,,,,,,59352,2009-03-31
,,,,,,,,,,,,,,,,,,,,59679,2009-03-31
,,,,,,,,,,,,,,,,,,,,59754,2009-03-31
,,,,,,,,,,,,,,,,,,,,60143,2009-03-31
,,,,,,,,,,,,,,,,,,,,60330,2009-03-31
,,,,,,,,,,,,,,,,,,,,60433,2009-03-31
,,,,,,,,,,,,,,,,,,,,60545,2009-03-31
,,,,,,,,,,,,,,,,,,,,60554,2009-03-31
,,,,,,,,,,,,,,,,,,,,60648,2009-03-31
,,,,,,,,,,,,,,,,,,,,61122,2009-03-31
,,,,,,,,,,,,,,,,,,,,61355,2009-03-31
,,,,,,,,,,,,,,,,,,,,61476,2009-03-31
,,,,,,,,,,,,,,,,,,,,61533,2009-03-31
,,,,,,,,,,,,,,,,,,,,61757,2009-03-31
,,,,,,,,,,,,,,,,,,,,61832,2009-03-31
,,,,,,,,,,,,,,,,,,,,61953,2009-03-31
,,,,,,,,,,,,,,,,,,,,62044,2009-03-31
,,,,,,,,,,,,,,,,,,,,62147,2009-03-31
,,,,,,,,,,,,,,,,,,,,63050,2009-03-31
,,,,,,,,,,,,,,,,,,,,63069,2009-03-31
,,,,,,,,,,,,,,,,,,,,63078,2009-03-31
,,,,,,,,,,,,,,,,,,,,63201,2009-03-31
,,,,,,,,,,,,,,,,,,,,63359,2009-03-31
,,,,,,,,,,,,,,,,,,,,63573,2009-03-31
,,,,,,,,,,,,,,,,,,,,63733,2009-03-31
,,,,,,,,,,,,,,,,,,,,63742,2009-03-31
,,,,,,,,,,,,,,,,,,,,63751,2009-03-31
,,,,,,,,,,,,,,,,,,,,64150,2009-03-31
,,,,,,,,,,,,,,,,,,,,64543,2009-03-31
,,,,,,,,,,,,,,,,,,,,64552,2009-03-31
,,,,,,,,,,,,,,,,,,,,64619,2009-03-31
,,,,,,,,,,,,,,,,,,,,64730,2009-03-31
,,,,,,,,,,,,,,,,,,,,65205,2009-03-31
,,,,,,,,,,,,,,,,,,,,65241,2009-03-31
,,,,,,,,,,,,,,,,,,,,65513,2009-03-31
,,,,,,,,,,,,,,,,,,,,65559,2009-03-31
,,,,,,,,,,,,,,,,,,,,65746,2009-03-31
,,,,,,,,,,,,,,,,,,,,65858,2009-03-31
,,,,,,,,,,,,,,,,,,,,66015,2009-03-31
,,,,,,,,,,,,,,,,,,,,66154,2009-03-31
,,,,,,,,,,,,,,,,,,,,66172,2009-03-31
,,,,,,,,,,,,,,,,,,,,66275,2009-03-31
,,,,,,,,,,,,,,,,,,,,66837,2009-03-31
,,,,,,,,,,,,,,,,,,,,67142,2009-03-31
,,,,,,,,,,,,,,,,,,,,67151,2009-03-31
,,,,,,,,,,,,,,,,,,,,67209,2009-03-31
,,,,,,,,,,,,,,,,,,,,67254,2009-03-31
,,,,,,,,,,,,,,,,,,,,67311,2009-03-31
,,,,,,,,,,,,,,,,,,,,68345,2009-03-31
,,,,,,,,,,,,,,,,,,,,68448,2009-03-31
,,,,,,,,,,,,,,,,,,,,68756,2009-03-31
,,,,,,,,,,,,,,,,,,,,68831,2009-03-31
,,,,,,,,,,,,,,,,,,,,68840,2009-03-31
,,,,,,,,,,,,,,,,,,,,68859,2009-03-31
,,,,,,,,,,,,,,,,,,,,68943,2009-03-31
,,,,,,,,,,,,,,,,,,,,69333,2009-03-31
,,,,,,,,,,,,,,,,,,,,69678,2009-03-31
,,,,,,,,,,,,,,,,,,,,69847,2009-03-31
,,,,,,,,,,,,,,,,,,,,70049,2009-03-31
,,,,,,,,,,,,,,,,,,,,70058,2009-03-31
,,,,,,,,,,,,,,,,,,,,70218,2009-03-31
,,,,,,,,,,,,,,,,,,,,70254,2009-03-31
,,,,,,,,,,,,,,,,,,,,70414,2009-03-31
,,,,,,,,,,,,,,,,,,,,70638,2009-03-31
,,,,,,,,,,,,,,,,,,,,70955,2009-03-31
,,,,,,,,,,,,,,,,,,,,71318,2009-03-31
,,,,,,,,,,,,,,,,,,,,71457,2009-03-31
,,,,,,,,,,,,,,,,,,,,71859,2009-03-31
,,,,,,,,,,,,,,,,,,,,72258,2009-03-31
,,,,,,,,,,,,,,,,,,,,72351,2009-03-31
,,,,,,,,,,,,,,,,,,,,72454,2009-03-31
,,,,,,,,,,,,,,,,,,,,72678,2009-03-31
,,,,,,,,,,,,,,,,,,,,73031,2009-03-31
,,,,,,,,,,,,,,,,,,,,73116,2009-03-31
,,,,,,,,,,,,,,,,,,,,73152,2009-03-31
,,,,,,,,,,,,,,,,,,,,73554,2009-03-31
,,,,,,,,,,,,,,,,,,,,73956,2009-03-31
,,,,,,,,,,,,,,,,,,,,74056,2009-03-31
,,,,,,,,,,,,,,,,,,,,74140,2009-03-31
,,,,,,,,,,,,,,,,,,,,74159,2009-03-31
,,,,,,,,,,,,,,,,,,,,74403,2009-03-31
,,,,,,,,,,,,,,,,,,,,74449,2009-03-31
,,,,,,,,,,,,,,,,,,,,74458,2009-03-31
,,,,,,,,,,,,,,,,,,,,75053,2009-03-31
,,,,,,,,,,,,,,,,,,,,75259,2009-03-31
,,,,,,,,,,,,,,,,,,,,75446,2009-03-31
,,,,,,,,,,,,,,,,,,,,75455,2009-03-31
,,,,,,,,,,,,,,,,,,,,75558,2009-03-31
,,,,,,,,,,,,,,,,,,,,75633,2009-03-31
,,,,,,,,,,,,,,,,,,,,75651,2009-03-31
,,,,,,,,,,,,,,,,,,,,76135,2009-03-31
,,,,,,,,,,,,,,,,,,,,76153,2009-03-31
,,,,,,,,,,,,,,,,,,,,76443,2009-03-31
,,,,,,,,,,,,,,,,,,,,76854,2009-03-31
,,,,,,,,,,,,,,,,,,,,77150,2009-03-31
,,,,,,,,,,,,,,,,,,,,77253,2009-03-31
,,,,,,,,,,,,,,,,,,,,77347,2009-03-31
,,,,,,,,,,,,,,,,,,,,77422,2009-03-31
,,,,,,,,,,,,,,,,,,,,77758,2009-03-31
,,,,,,,,,,,,,,,,,,,,77851,2009-03-31
,,,,,,,,,,,,,,,,,,,,78036,2009-03-31
,,,,,,,,,,,,,,,,,,,,78157,2009-03-31
,,,,,,,,,,,,,,,,,,,,78241,2009-03-31
,,,,,,,,,,,,,,,,,,,,78559,2009-03-31
,,,,,,,,,,,,,,,,,,,,78858,2009-03-31
,,,,,,,,,,,,,,,,,,,,79042,2009-03-31
,,,,,,,,,,,,,,,,,,,,79127,2009-03-31
,,,,,,,,,,,,,,,,,,,,79145,2009-03-31
,,,,,,,,,,,,,,,,,,,,79257,2009-03-31
,,,,,,,,,,,,,,,,,,,,79855,2009-03-31
,,,,,,,,,,,,,,,,,,,,80020,2009-03-31
,,,,,,,,,,,,,,,,,,,,80150,2009-03-31
,,,,,,,,,,,,,,,,,,,,80431,2009-03-31
,,,,,,,,,,,,,,,,,,,,80552,2009-03-31
,,,,,,,,,,,,,,,,,,,,80936,2009-03-31
,,,,,,,,,,,,,,,,,,,,81429,2009-03-31
,,,,,,,,,,,,,,,,,,,,82033,2009-03-31
,,,,,,,,,,,,,,,,,,,,82257,2009-03-31
,,,,,,,,,,,,,,,,,,,,82350,2009-03-31
,,,,,,,,,,,,,,,,,,,,82659,2009-03-31
,,,,,,,,,,,,,,,,,,,,83151,2009-03-31
,,,,,,,,,,,,,,,,,,,,83236,2009-03-31
,,,,,,,,,,,,,,,,,,,,83311,2009-03-31
,,,,,,,,,,,,,,,,,,,,83357,2009-03-31
,,,,,,,,,,,,,,,,,,,,83375,2009-03-31
,,,,,,,,,,,,,,,,,,,,83638,2009-03-31
,,,,,,,,,,,,,,,,,,,,83834,2009-03-31
,,,,,,,,,,,,,,,,,,,,83852,2009-03-31
,,,,,,,,,,,,,,,,,,,,83955,2009-03-31
,,,,,,,,,,,,,,,,,,,,84046,2009-03-31
,,,,,,,,,,,,,,,,,,,,84055,2009-03-31
,,,,,,,,,,,,,,,,,,,,84251,2009-03-31
,,,,,,,,,,,,,,,,,,,,84345,2009-03-31
,,,,,,,,,,,,,,,,,,,,84541,2009-03-31
,,,,,,,,,,,,,,,,,,,,84804,2009-03-31
,,,,,,,,,,,,,,,,,,,,85043,2009-03-31
,,,,,,,,,,,,,,,,,,,,85052,2009-03-31
,,,,,,,,,,,,,,,,,,,,85258,2009-03-31
,,,,,,,,,,,,,,,,,,,,85454,2009-03-31
,,,,,,,,,,,,,,,,,,,,85856,2009-03-31
,,,,,,,,,,,,,,,,,,,,85931,2009-03-31
,,,,,,,,,,,,,,,,,,,,86349,2009-03-31
,,,,,,,,,,,,,,,,,,,,86358,2009-03-31
,,,,,,,,,,,,,,,,,,,,86527,2009-03-31
,,,,,,,,,,,,,,,,,,,,86554,2009-03-31
,,,,,,,,,,,,,,,,,,,,87047,2009-03-31
,,,,,,,,,,,,,,,,,,,,87159,2009-03-31
,,,,,,,,,,,,,,,,,,,,87234,2009-03-31
,,,,,,,,,,,,,,,,,,,,87476,2009-03-31
,,,,,,,,,,,,,,,,,,,,87533,2009-03-31
,,,,,,,,,,,,,,,,,,,,88240,2009-03-31
,,,,,,,,,,,,,,,,,,,,88259,2009-03-31
,,,,,,,,,,,,,,,,,,,,88352,2009-03-31
,,,,,,,,,,,,,,,,,,,,88455,2009-03-31
,,,,,,,,,,,,,,,,,,,,88530,2009-03-31
,,,,,,,,,,,,,,,,,,,,88950,2009-03-31
,,,,,,,,,,,,,,,,,,,,89032,2009-03-31
,,,,,,,,,,,,,,,,,,,,89135,2009-03-31
,,,,,,,,,,,,,,,,,,,,89162,2009-03-31
,,,,,,,,,,,,,,,,,,,,89452,2009-03-31
,,,,,,,,,,,,,,,,,,,,89751,2009-03-31
,,,,,,,,,,,,,,,,,,,,89854,2009-03-31
,,,,,,,,,,,,,,,,,,,,89957,2009-03-31
,,,,,,,,,,,,,,,,,,,,90047,2009-03-31
,,,,,,,,,,,,,,,,,,,,90328,2009-03-31
,,,,,,,,,,,,,,,,,,,,90337,2009-03-31
,,,,,,,,,,,,,,,,,,,,90467,2009-03-31
,,,,,,,,,,,,,,,,,,,,90645,2009-03-31
,,,,,,,,,,,,,,,,,,,,90739,2009-03-31
,,,,,,,,,,,,,,,,,,,,91156,2009-03-31
,,,,,,,,,,,,,,,,,,,,91259,2009-03-31
,,,,,,,,,,,,,,,,,,,,91615,2009-03-31
,,,,,,,,,,,,,,,,,,,,91651,2009-03-31
,,,,,,,,,,,,,,,,,,,,91754,2009-03-31
,,,,,,,,,,,,,,,,,,,,91950,2009-03-31
,,,,,,,,,,,,,,,,,,,,91969,2009-03-31
,,,,,,,,,,,,,,,,,,,,92050,2009-03-31
,,,,,,,,,,,,,,,,,,,,92144,2009-03-31
,,,,,,,,,,,,,,,,,,,,92630,2009-03-31
,,,,,,,,,,,,,,,,,,,,92706,2009-03-31
,,,,,,,,,,,,,,,,,,,,92854,2009-03-31
,,,,,,,,,,,,,,,,,,,,92902,2009-03-31
,,,,,,,,,,,,,,,,,,,,93244,2009-03-31
,,,,,,,,,,,,,,,,,,,,93413,2009-03-31
,,,,,,,,,,,,,,,,,,,,93543,2009-03-31
,,,,,,,,,,,,,,,,,,,,93619,2009-03-31
,,,,,,,,,,,,,,,,,,,,93721,2009-03-31
,,,,,,,,,,,,,,,,,,,,93758,2009-03-31
,,,,,,,,,,,,,,,,,,,,94139,2009-03-31
,,,,,,,,,,,,,,,,,,,,94456,2009-03-31
,,,,,,,,,,,,,,,,,,,,94522,2009-03-31
,,,,,,,,,,,,,,,,,,,,94755,2009-03-31
,,,,,,,,,,,,,,,,,,,,94858,2009-03-31
,,,,,,,,,,,,,,,,,,,,95051,2009-03-31
,,,,,,,,,,,,,,,,,,,,95659,2009-03-31
,,,,,,,,,,,,,,,,,,,,96553,2009-03-31
,,,,,,,,,,,,,,,,,,,,97055,2009-03-31
,,,,,,,,,,,,,,,,,,,,97279,2009-03-31
,,,,,,,,,,,,,,,,,,,,97457,2009-03-31
,,,,,,,,,,,,,,,,,,,,97804,2009-03-31
,,,,,,,,,,,,,,,,,,,,97943,2009-03-31
,,,,,,,,,,,,,,,,,,,,98351,2009-03-31
,,,,,,,,,,,,,,,,,,,,98454,2009-03-31
,,,,,,,,,,,,,,,,,,,,98463,2009-03-31
,,,,,,,,,,,,,,,,,,,,98548,2009-03-31
,,,,,,,,,,,,,,,,,,,,98641,2009-03-31
,,,,,,,,,,,,,,,,,,,,98717,2009-03-31
,,,,,,,,,,,,,,,,,,,,99004,2009-03-31
,,,,,,,,,,,,,,,,,,,,99059,2009-03-31
,,,,,,,,,,,,,,,,,,,,99143,2009-03-31
,,,,,,,,,,,,,,,,,,,,99255,2009-03-31
,,,,,,,,,,,,,,,,,,,,99442,2009-03-31
,,,,,,,,,,,,,,,,,,,,99536,2009-03-31
,,,,,,,,,,,,,,,,,,,,99853,2009-03-31
,,,,,,,,,,,,,,,,,,,,99974,2009-03-31
,,,,,,,,,,,,,,,,,,,,100236,2009-03-31
,,,,,,,,,,,,,,,,,,,,100357,2009-03-31
,,,,,,,,,,,,,,,,,,,,100553,2009-03-31
,,,,,,,,,,,,,,,,,,,,100562,2009-03-31
,,,,,,,,,,,,,,,,,,,,100843,2009-03-31
,,,,,,,,,,,,,,,,,,,,101019,2009-03-31
,,,,,,,,,,,,,,,,,,,,101037,2009-03-31
,,,,,,,,,,,,,,,,,,,,101233,2009-03-31
,,,,,,,,,,,,,,,,,,,,101345,2009-03-31
,,,,,,,,,,,,,,,,,,,,101439,2009-03-31
,,,,,,,,,,,,,,,,,,,,101671,2009-03-31
,,,,,,,,,,,,,,,,,,,,101738,2009-03-31
,,,,,,,,,,,,,,,,,,,,101952,2009-03-31
,,,,,,,,,,,,,,,,,,,,102155,2009-03-31
,,,,,,,,,,,,,,,,,,,,102333,2009-03-31
,,,,,,,,,,,,,,,,,,,,102342,2009-03-31
,,,,,,,,,,,,,,,,,,,,102539,2009-03-31
,,,,,,,,,,,,,,,,,,,,102557,2009-03-31
,,,,,,,,,,,,,,,,,,,,103134,2009-03-31
,,,,,,,,,,,,,,,,,,,,103255,2009-03-31
,,,,,,,,,,,,,,,,,,,,103536,2009-03-31
,,,,,,,,,,,,,,,,,,,,103554,2009-03-31
,,,,,,,,,,,,,,,,,,,,103563,2009-03-31
,,,,,,,,,,,,,,,,,,,,103602,2009-03-31
,,,,,,,,,,,,,,,,,,,,104038,2009-03-31
,,,,,,,,,,,,,,,,,,,,104056,2009-03-31
,,,,,,,,,,,,,,,,,,,,104234,2009-03-31
,,,,,,,,,,,,,,,,,,,,104430,2009-03-31
,,,,,,,,,,,,,,,,,,,,104542,2009-03-31
,,,,,,,,,,,,,,,,,,,,104663,2009-03-31
,,,,,,,,,,,,,,,,,,,,105026,2009-03-31
,,,,,,,,,,,,,,,,,,,,105044,2009-03-31
,,,,,,,,,,,,,,,,,,,,105053,2009-03-31
,,,,,,,,,,,,,,,,,,,,105071,2009-03-31
,,,,,,,,,,,,,,,,,,,,105222,2009-03-31
,,,,,,,,,,,,,,,,,,,,105530,2009-03-31
,,,,,,,,,,,,,,,,,,,,105633,2009-03-31
,,,,,,,,,,,,,,,,,,,,106359,2009-03-31
,,,,,,,,,,,,,,,,,,,,106377,2009-03-31
,,,,,,,,,,,,,,,,,,,,106452,2009-03-31
,,,,,,,,,,,,,,,,,,,,106519,2009-03-31
,,,,,,,,,,,,,,,,,,,,106546,2009-03-31
,,,,,,,,,,,,,,,,,,,,106555,2009-03-31
,,,,,,,,,,,,,,,,,,,,106658,2009-03-31
,,,,,,,,,,,,,,,,,,,,107057,2009-03-31
,,,,,,,,,,,,,,,,,,,,107226,2009-03-31
,,,,,,,,,,,,,,,,,,,,107244,2009-03-31
,,,,,,,,,,,,,,,,,,,,107431,2009-03-31
,,,,,,,,,,,,,,,,,,,,107459,2009-03-31
,,,,,,,,,,,,,,,,,,,,107758,2009-03-31
,,,,,,,,,,,,,,,,,,,,108269,2009-03-31
,,,,,,,,,,,,,,,,,,,,108652,2009-03-31
,,,,,,,,,,,,,,,,,,,,108746,2009-03-31
,,,,,,,,,,,,,,,,,,,,108951,2009-03-31
,,,,,,,,,,,,,,,,,,,,109136,2009-03-31
,,,,,,,,,,,,,,,,,,,,109154,2009-03-31
,,,,,,,,,,,,,,,,,,,,109453,2009-03-31
,,,,,,,,,,,,,,,,,,,,109574,2009-03-31
,,,,,,,,,,,,,,,,,,,,109659,2009-03-31
,,,,,,,,,,,,,,,,,,,,109855,2009-03-31
,,,,,,,,,,,,,,,,,,,,110413,2009-03-31
,,,,,,,,,,,,,,,,,,,,110655,2009-03-31
,,,,,,,,,,,,,,,,,,,,110936,2009-03-31
,,,,,,,,,,,,,,,,,,,,110945,2009-03-31
,,,,,,,,,,,,,,,,,,,,111157,2009-03-31
,,,,,,,,,,,,,,,,,,,,111205,2009-03-31
,,,,,,,,,,,,,,,,,,,,111559,2009-03-31
,,,,,,,,,,,,,,,,,,,,111661,2009-03-31
,,,,,,,,,,,,,,,,,,,,111942,2009-03-31
,,,,,,,,,,,,,,,,,,,,111979,2009-03-31
,,,,,,,,,,,,,,,,,,,,112163,2009-03-31
,,,,,,,,,,,,,,,,,,,,112332,2009-03-31
,,,,,,,,,,,,,,,,,,,,112444,2009-03-31
,,,,,,,,,,,,,,,,,,,,112510,2009-03-31
,,,,,,,,,,,,,,,,,,,,112556,2009-03-31
,,,,,,,,,,,,,,,,,,,,112837,2009-03-31
,,,,,,,,,,,,,,,,,,,,113003,2009-03-31
,,,,,,,,,,,,,,,,,,,,113030,2009-03-31
,,,,,,,,,,,,,,,,,,,,113441,2009-03-31
,,,,,,,,,,,,,,,,,,,,113601,2009-03-31
,,,,,,,,,,,,,,,,,,,,113740,2009-03-31
,,,,,,,,,,,,,,,,,,,,113937,2009-03-31
,,,,,,,,,,,,,,,,,,,,114149,2009-03-31
,,,,,,,,,,,,,,,,,,,,114158,2009-03-31
,,,,,,,,,,,,,,,,,,,,114251,2009-03-31
,,,,,,,,,,,,,,,,,,,,114260,2009-03-31
,,,,,,,,,,,,,,,,,,,,114457,2009-03-31
,,,,,,,,,,,,,,,,,,,,114756,2009-03-31
,,,,,,,,,,,,,,,,,,,,114774,2009-03-31
,,,,,,,,,,,,,,,,,,,,114840,2009-03-31
,,,,,,,,,,,,,,,,,,,,114859,2009-03-31
,,,,,,,,,,,,,,,,,,,,115100,2009-03-31
,,,,,,,,,,,,,,,,,,,,115146,2009-03-31
,,,,,,,,,,,,,,,,,,,,115155,2009-03-31
,,,,,,,,,,,,,,,,,,,,115221,2009-03-31
,,,,,,,,,,,,,,,,,,,,115575,2009-03-31
,,,,,,,,,,,,,,,,,,,,115641,2009-03-31
,,,,,,,,,,,,,,,,,,,,116077,2009-03-31
,,,,,,,,,,,,,,,,,,,,116358,2009-03-31
,,,,,,,,,,,,,,,,,,,,116554,2009-03-31
,,,,,,,,,,,,,,,,,,,,116639,2009-03-31
,,,,,,,,,,,,,,,,,,,,116732,2009-03-31
,,,,,,,,,,,,,,,,,,,,116741,2009-03-31
,,,,,,,,,,,,,,,,,,,,117038,2009-03-31
,,,,,,,,,,,,,,,,,,,,117458,2009-03-31
,,,,,,,,,,,,,,,,,,,,117672,2009-03-31
,,,,,,,,,,,,,,,,,,,,117775,2009-03-31
,,,,,,,,,,,,,,,,,,,,117841,2009-03-31
,,,,,,,,,,,,,,,,,,,,118156,2009-03-31
,,,,,,,,,,,,,,,,,,,,118174,2009-03-31
,,,,,,,,,,,,,,,,,,,,118660,2009-03-31
,,,,,,,,,,,,,,,,,,,,118736,2009-03-31
,,,,,,,,,,,,,,,,,,,,119153,2009-03-31
,,,,,,,,,,,,,,,,,,,,119274,2009-03-31
,,,,,,,,,,,,,,,,,,,,119528,2009-03-31
,,,,,,,,,,,,,,,,,,,,119779,2009-03-31
,,,,,,,,,,,,,,,,,,,,120542,2009-03-31
,,,,,,,,,,,,,,,,,,,,120609,2009-03-31
,,,,,,,,,,,,,,,,,,,,120953,2009-03-31
,,,,,,,,,,,,,,,,,,,,121576,2009-03-31
,,,,,,,,,,,,,,,,,,,,121642,2009-03-31
,,,,,,,,,,,,,,,,,,,,121651,2009-03-31
,,,,,,,,,,,,,,,,,,,,121914,2009-03-31
,,,,,,,,,,,,,,,,,,,,122153,2009-03-31
,,,,,,,,,,,,,,,,,,,,122546,2009-03-31
,,,,,,,,,,,,,,,,,,,,122658,2009-03-31
,,,,,,,,,,,,,,,,,,,,122751,2009-03-31
,,,,,,,,,,,,,,,,,,,,122854,2009-03-31
,,,,,,,,,,,,,,,,,,,,123178,2009-03-31
,,,,,,,,,,,,,,,,,,,,123440,2009-03-31
,,,,,,,,,,,,,,,,,,,,123646,2009-03-31
,,,,,,,,,,,,,,,,,,,,124344,2009-03-31
,,,,,,,,,,,,,,,,,,,,124353,2009-03-31
,,,,,,,,,,,,,,,,,,,,124773,2009-03-31
,,,,,,,,,,,,,,,,,,,,124830,2009-03-31
,,,,,,,,,,,,,,,,,,,,125154,2009-03-31
,,,,,,,,,,,,,,,,,,,,125855,2009-03-31
,,,,,,,,,,,,,,,,,,,,125958,2009-03-31
,,,,,,,,,,,,,,,,,,,,126012,2009-03-31
,,,,,,,,,,,,,,,,,,,,126049,2009-03-31
,,,,,,,,,,,,,,,,,,,,126254,2009-03-31
,,,,,,,,,,,,,,,,,,,,126553,2009-03-31
,,,,,,,,,,,,,,,,,,,,126740,2009-03-31
,,,,,,,,,,,,,,,,,,,,126834,2009-03-31
,,,,,,,,,,,,,,,,,,,,127055,2009-03-31
,,,,,,,,,,,,,,,,,,,,127224,2009-03-31
,,,,,,,,,,,,,,,,,,,,127260,2009-03-31
,,,,,,,,,,,,,,,,,,,,127701,2009-03-31
,,,,,,,,,,,,,,,,,,,,128258,2009-03-31
,,,,,,,,,,,,,,,,,,,,128511,2009-03-31
,,,,,,,,,,,,,,,,,,,,128904,2009-03-31
,,,,,,,,,,,,,,,,,,,,128959,2009-03-31
,,,,,,,,,,,,,,,,,,,,129349,2009-03-31
,,,,,,,,,,,,,,,,,,,,129358,2009-03-31
,,,,,,,,,,,,,,,,,,,,129394,2009-03-31
,,,,,,,,,,,,,,,,,,,,129479,2009-03-31
,,,,,,,,,,,,,,,,,,,,129732,2009-03-31
,,,,,,,,,,,,,,,,,,,,129853,2009-03-31
,,,,,,,,,,,,,,,,,,,,129910,2009-03-31
,,,,,,,,,,,,,,,,,,,,130345,2009-03-31
,,,,,,,,,,,,,,,,,,,,130541,2009-03-31
,,,,,,,,,,,,,,,,,,,,130635,2009-03-31
,,,,,,,,,,,,,,,,,,,,130813,2009-03-31
,,,,,,,,,,,,,,,,,,,,130943,2009-03-31
,,,,,,,,,,,,,,,,,,,,131034,2009-03-31
,,,,,,,,,,,,,,,,,,,,131155,2009-03-31
,,,,,,,,,,,,,,,,,,,,131173,2009-03-31
,,,,,,,,,,,,,,,,,,,,131418,2009-03-31
,,,,,,,,,,,,,,,,,,,,131436,2009-03-31
,,,,,,,,,,,,,,,,,,,,131650,2009-03-31
,,,,,,,,,,,,,,,,,,,,131717,2009-03-31
,,,,,,,,,,,,,,,,,,,,131940,2009-03-31
,,,,,,,,,,,,,,,,,,,,132107,2009-03-31
,,,,,,,,,,,,,,,,,,,,132152,2009-03-31
,,,,,,,,,,,,,,,,,,,,132219,2009-03-31
,,,,,,,,,,,,,,,,,,,,132451,2009-03-31
,,,,,,,,,,,,,,,,,,,,132554,2009-03-31
,,,,,,,,,,,,,,,,,,,,132853,2009-03-31
,,,,,,,,,,,,,,,,,,,,132938,2009-03-31
,,,,,,,,,,,,,,,,,,,,133243,2009-03-31
,,,,,,,,,,,,,,,,,,,,133850,2009-03-31
,,,,,,,,,,,,,,,,,,,,133971,2009-03-31
,,,,,,,,,,,,,,,,,,,,134156,2009-03-31
,,,,,,,,,,,,,,,,,,,,134437,2009-03-31
,,,,,,,,,,,,,,,,,,,,134455,2009-03-31
,,,,,,,,,,,,,,,,,,,,134848,2009-03-31
,,,,,,,,,,,,,,,,,,,,135751,2009-03-31
,,,,,,,,,,,,,,,,,,,,135836,2009-03-31
,,,,,,,,,,,,,,,,,,,,135854,2009-03-31
,,,,,,,,,,,,,,,,,,,,136048,2009-03-31
,,,,,,,,,,,,,,,,,,,,136338,2009-03-31
,,,,,,,,,,,,,,,,,,,,136459,2009-03-31
,,,,,,,,,,,,,,,,,,,,136655,2009-03-31
,,,,,,,,,,,,,,,,,,,,137205,2009-03-31
,,,,,,,,,,,,,,,,,,,,137447,2009-03-31
,,,,,,,,,,,,,,,,,,,,137456,2009-03-31
,,,,,,,,,,,,,,,,,,,,137559,2009-03-31
,,,,,,,,,,,,,,,,,,,,137643,2009-03-31
,,,,,,,,,,,,,,,,,,,,137652,2009-03-31
,,,,,,,,,,,,,,,,,,,,137821,2009-03-31
,,,,,,,,,,,,,,,,,,,,137915,2009-03-31
,,,,,,,,,,,,,,,,,,,,138051,2009-03-31
,,,,,,,,,,,,,,,,,,,,138257,2009-03-31
,,,,,,,,,,,,,,,,,,,,138350,2009-03-31
,,,,,,,,,,,,,,,,,,,,138556,2009-03-31
,,,,,,,,,,,,,,,,,,,,138725,2009-03-31
,,,,,,,,,,,,,,,,,,,,138752,2009-03-31
,,,,,,,,,,,,,,,,,,,,139133,2009-03-31
,,,,,,,,,,,,,,,,,,,,139432,2009-03-31
,,,,,,,,,,,,,,,,,,,,139478,2009-03-31
,,,,,,,,,,,,,,,,,,,,139553,2009-03-31
,,,,,,,,,,,,,,,,,,,,139656,2009-03-31
,,,,,,,,,,,,,,,,,,,,139740,2009-03-31
,,,,,,,,,,,,,,,,,,,,139834,2009-03-31
,,,,,,,,,,,,,,,,,,,,139843,2009-03-31
,,,,,,,,,,,,,,,,,,,,139955,2009-03-31
,,,,,,,,,,,,,,,,,,,,140018,2009-03-31
,,,,,,,,,,,,,,,,,,,,140157,2009-03-31
,,,,,,,,,,,,,,,,,,,,140362,2009-03-31
,,,,,,,,,,,,,,,,,,,,140634,2009-03-31
,,,,,,,,,,,,,,,,,,,,141211,2009-03-31
,,,,,,,,,,,,,,,,,,,,141341,2009-03-31
,,,,,,,,,,,,,,,,,,,,141350,2009-03-31
,,,,,,,,,,,,,,,,,,,,141453,2009-03-31
,,,,,,,,,,,,,,,,,,,,141556,2009-03-31
,,,,,,,,,,,,,,,,,,,,141734,2009-03-31
,,,,,,,,,,,,,,,,,,,,141958,2009-03-31
,,,,,,,,,,,,,,,,,,,,142049,2009-03-31
,,,,,,,,,,,,,,,,,,,,142571,2009-03-31
,,,,,,,,,,,,,,,,,,,,142656,2009-03-31
,,,,,,,,,,,,,,,,,,,,142955,2009-03-31
,,,,,,,,,,,,,,,,,,,,143158,2009-03-31
,,,,,,,,,,,,,,,,,,,,143653,2009-03-31
,,,,,,,,,,,,,,,,,,,,143662,2009-03-31
,,,,,,,,,,,,,,,,,,,,143859,2009-03-31
,,,,,,,,,,,,,,,,,,,,143952,2009-03-31
,,,,,,,,,,,,,,,,,,,,144034,2009-03-31
,,,,,,,,,,,,,,,,,,,,144052,2009-03-31
,,,,,,,,,,,,,,,,,,,,144155,2009-03-31
,,,,,,,,,,,,,,,,,,,,144436,2009-03-31
,,,,,,,,,,,,,,,,,,,,144856,2009-03-31
,,,,,,,,,,,,,,,,,,,,144913,2009-03-31
,,,,,,,,,,,,,,,,,,,,145059,2009-03-31
,,,,,,,,,,,,,,,,,,,,145545,2009-03-31
,,,,,,,,,,,,,,,,,,,,145554,2009-03-31
,,,,,,,,,,,,,,,,,,,,145741,2009-03-31
,,,,,,,,,,,,,,,,,,,,145750,2009-03-31
,,,,,,,,,,,,,,,,,,,,145844,2009-03-31
,,,,,,,,,,,,,,,,,,,,145956,2009-03-31
,,,,,,,,,,,,,,,,,,,,146056,2009-03-31
,,,,,,,,,,,,,,,,,,,,146533,2009-03-31
,,,,,,,,,,,,,,,,,,,,146618,2009-03-31
,,,,,,,,,,,,,,,,,,,,146654,2009-03-31
,,,,,,,,,,,,,,,,,,,,146663,2009-03-31
,,,,,,,,,,,,,,,,,,,,146850,2009-03-31
,,,,,,,,,,,,,,,,,,,,147053,2009-03-31
,,,,,,,,,,,,,,,,,,,,147174,2009-03-31
,,,,,,,,,,,,,,,,,,,,147633,2009-03-31
,,,,,,,,,,,,,,,,,,,,147651,2009-03-31
,,,,,,,,,,,,,,,,,,,,147679,2009-03-31
,,,,,,,,,,,,,,,,,,,,147839,2009-03-31
,,,,,,,,,,,,,,,,,,,,147857,2009-03-31
,,,,,,,,,,,,,,,,,,,,147923,2009-03-31
,,,,,,,,,,,,,,,,,,,,148144,2009-03-31
,,,,,,,,,,,,,,,,,,,,148238,2009-03-31
,,,,,,,,,,,,,,,,,,,,148340,2009-03-31
,,,,,,,,,,,,,,,,,,,,148715,2009-03-31
,,,,,,,,,,,,,,,,,,,,148809,2009-03-31
,,,,,,,,,,,,,,,,,,,,148920,2009-03-31
,,,,,,,,,,,,,,,,,,,,149150,2009-03-31
,,,,,,,,,,,,,,,,,,,,149235,2009-03-31
,,,,,,,,,,,,,,,,,,,,149253,2009-03-31
,,,,,,,,,,,,,,,,,,,,149271,2009-03-31
,,,,,,,,,,,,,,,,,,,,150035,2009-03-31
,,,,,,,,,,,,,,,,,,,,150044,2009-03-31
,,,,,,,,,,,,,,,,,,,,150071,2009-03-31
,,,,,,,,,,,,,,,,,,,,150156,2009-03-31
,,,,,,,,,,,,,,,,,,,,150334,2009-03-31
,,,,,,,,,,,,,,,,,,,,150352,2009-03-31
,,,,,,,,,,,,,,,,,,,,150727,2009-03-31
,,,,,,,,,,,,,,,,,,,,150754,2009-03-31
,,,,,,,,,,,,,,,,,,,,151331,2009-03-31
,,,,,,,,,,,,,,,,,,,,151546,2009-03-31
,,,,,,,,,,,,,,,,,,,,151555,2009-03-31
,,,,,,,,,,,,,,,,,,,,151751,2009-03-31
,,,,,,,,,,,,,,,,,,,,151818,2009-03-31
,,,,,,,,,,,,,,,,,,,,151957,2009-03-31
,,,,,,,,,,,,,,,,,,,,152048,2009-03-31
,,,,,,,,,,,,,,,,,,,,152057,2009-03-31
,,,,,,,,,,,,,,,,,,,,152235,2009-03-31
,,,,,,,,,,,,,,,,,,,,152253,2009-03-31
,,,,,,,,,,,,,,,,,,,,152431,2009-03-31
,,,,,,,,,,,,,,,,,,,,152440,2009-03-31
,,,,,,,,,,,,,,,,,,,,152673,2009-03-31
,,,,,,,,,,,,,,,,,,,,152851,2009-03-31
,,,,,,,,,,,,,,,,,,,,153054,2009-03-31
,,,,,,,,,,,,,,,,,,,,153353,2009-03-31
,,,,,,,,,,,,,,,,,,,,154154,2009-03-31
,,,,,,,,,,,,,,,,,,,,154257,2009-03-31
,,,,,,,,,,,,,,,,,,,,154770,2009-03-31
,,,,,,,,,,,,,,,,,,,,155245,2009-03-31
,,,,,,,,,,,,,,,,,,,,155517,2009-03-31
,,,,,,,,,,,,,,,,,,,,155759,2009-03-31
,,,,,,,,,,,,,,,,,,,,155777,2009-03-31
,,,,,,,,,,,,,,,,,,,,156457,2009-03-31
,,,,,,,,,,,,,,,,,,,,156635,2009-03-31
,,,,,,,,,,,,,,,,,,,,156877,2009-03-31
,,,,,,,,,,,,,,,,,,,,156952,2009-03-31
,,,,,,,,,,,,,,,,,,,,157155,2009-03-31
,,,,,,,,,,,,,,,,,,,,157379,2009-03-31
,,,,,,,,,,,,,,,,,,,,157650,2009-03-31
,,,,,,,,,,,,,,,,,,,,157744,2009-03-31
,,,,,,,,,,,,,,,,,,,,157838,2009-03-31
,,,,,,,,,,,,,,,,,,,,157856,2009-03-31
,,,,,,,,,,,,,,,,,,,,157904,2009-03-31
,,,,,,,,,,,,,,,,,,,,158554,2009-03-31
,,,,,,,,,,,,,,,,,,,,158741,2009-03-31
,,,,,,,,,,,,,,,,,,,,158750,2009-03-31
,,,,,,,,,,,,,,,,,,,,158947,2009-03-31
,,,,,,,,,,,,,,,,,,,,158974,2009-03-31
,,,,,,,,,,,,,,,,,,,,159636,2009-03-31
,,,,,,,,,,,,,,,,,,,,159645,2009-03-31
,,,,,,,,,,,,,,,,,,,,159953,2009-03-31
,,,,,,,,,,,,,,,,,,,,160360,2009-03-31
,,,,,,,,,,,,,,,,,,,,160454,2009-03-31
,,,,,,,,,,,,,,,,,,,,160557,2009-03-31
,,,,,,,,,,,,,,,,,,,,160614,2009-03-31
,,,,,,,,,,,,,,,,,,,,160650,2009-03-31
,,,,,,,,,,,,,,,,,,,,160959,2009-03-31
,,,,,,,,,,,,,,,,,,,,161031,2009-03-31
,,,,,,,,,,,,,,,,,,,,161107,2009-03-31
,,,,,,,,,,,,,,,,,,,,161273,2009-03-31
,,,,,,,,,,,,,,,,,,,,161433,2009-03-31
,,,,,,,,,,,,,,,,,,,,161602,2009-03-31
,,,,,,,,,,,,,,,,,,,,162337,2009-03-31
,,,,,,,,,,,,,,,,,,,,163343,2009-03-31
,,,,,,,,,,,,,,,,,,,,163370,2009-03-31
,,,,,,,,,,,,,,,,,,,,163549,2009-03-31
,,,,,,,,,,,,,,,,,,,,163857,2009-03-31
,,,,,,,,,,,,,,,,,,,,164032,2009-03-31
,,,,,,,,,,,,,,,,,,,,164153,2009-03-31
,,,,,,,,,,,,,,,,,,,,164331,2009-03-31
,,,,,,,,,,,,,,,,,,,,164377,2009-03-31
,,,,,,,,,,,,,,,,,,,,164854,2009-03-31
,,,,,,,,,,,,,,,,,,,,164957,2009-03-31
,,,,,,,,,,,,,,,,,,,,164975,2009-03-31
,,,,,,,,,,,,,,,,,,,,165039,2009-03-31
,,,,,,,,,,,,,,,,,,,,165628,2009-03-31
,,,,,,,,,,,,,,,,,,,,165758,2009-03-31
,,,,,,,,,,,,,,,,,,,,165806,2009-03-31
,,,,,,,,,,,,,,,,,,,,166111,2009-03-31
,,,,,,,,,,,,,,,,,,,,166531,2009-03-31
,,,,,,,,,,,,,,,,,,,,166652,2009-03-31
,,,,,,,,,,,,,,,,,,,,166803,2009-03-31
,,,,,,,,,,,,,,,,,,,,166849,2009-03-31
,,,,,,,,,,,,,,,,,,,,167060,2009-03-31
,,,,,,,,,,,,,,,,,,,,167453,2009-03-31
,,,,,,,,,,,,,,,,,,,,167556,2009-03-31
,,,,,,,,,,,,,,,,,,,,167565,2009-03-31
,,,,,,,,,,,,,,,,,,,,167752,2009-03-31
,,,,,,,,,,,,,,,,,,,,167855,2009-03-31
,,,,,,,,,,,,,,,,,,,,167864,2009-03-31
,,,,,,,,,,,,,,,,,,,,168441,2009-03-31
,,,,,,,,,,,,,,,,,,,,168571,2009-03-31
,,,,,,,,,,,,,,,,,,,,168731,2009-03-31
,,,,,,,,,,,,,,,,,,,,169073,2009-03-31
,,,,,,,,,,,,,,,,,,,,169327,2009-03-31
,,,,,,,,,,,,,,,,,,,,169354,2009-03-31
,,,,,,,,,,,,,,,,,,,,169653,2009-03-31
,,,,,,,,,,,,,,,,,,,,169756,2009-03-31
,,,,,,,,,,,,,,,,,,,,169952,2009-03-31
,,,,,,,,,,,,,,,,,,,,170051,2009-03-31
,,,,,,,,,,,,,,,,,,,,170257,2009-03-31
,,,,,,,,,,,,,,,,,,,,170332,2009-03-31
,,,,,,,,,,,,,,,,,,,,170640,2009-03-31
,,,,,,,,,,,,,,,,,,,,170716,2009-03-31
,,,,,,,,,,,,,,,,,,,,170976,2009-03-31
,,,,,,,,,,,,,,,,,,,,171133,2009-03-31
,,,,,,,,,,,,,,,,,,,,171656,2009-03-31
,,,,,,,,,,,,,,,,,,,,171759,2009-03-31
,,,,,,,,,,,,,,,,,,,,171768,2009-03-31
,,,,,,,,,,,,,,,,,,,,172158,2009-03-31
,,,,,,,,,,,,,,,,,,,,172251,2009-03-31
,,,,,,,,,,,,,,,,,,,,172457,2009-03-31
,,,,,,,,,,,,,,,,,,,,172747,2009-03-31
,,,,,,,,,,,,,,,,,,,,172859,2009-03-31
,,,,,,,,,,,,,,,,,,,,173306,2009-03-31
,,,,,,,,,,,,,,,,,,,,173342,2009-03-31
,,,,,,,,,,,,,,,,,,,,173548,2009-03-31
,,,,,,,,,,,,,,,,,,,,173557,2009-03-31
,,,,,,,,,,,,,,,,,,,,173575,2009-03-31
,,,,,,,,,,,,,,,,,,,,173641,2009-03-31
,,,,,,,,,,,,,,,,,,,,173959,2009-03-31
,,,,,,,,,,,,,,,,,,,,174321,2009-03-31
,,,,,,,,,,,,,,,,,,,,174367,2009-03-31
,,,,,,,,,,,,,,,,,,,,175056,2009-03-31
,,,,,,,,,,,,,,,,,,,,175140,2009-03-31
,,,,,,,,,,,,,,,,,,,,175458,2009-03-31
,,,,,,,,,,,,,,,,,,,,175609,2009-03-31
,,,,,,,,,,,,,,,,,,,,175672,2009-03-31
,,,,,,,,,,,,,,,,,,,,176053,2009-03-31
,,,,,,,,,,,,,,,,,,,,176101,2009-03-31
,,,,,,,,,,,,,,,,,,,,176325,2009-03-31
,,,,,,,,,,,,,,,,,,,,176437,2009-03-31
,,,,,,,,,,,,,,,,,,,,176464,2009-03-31
,,,,,,,,,,,,,,,,,,,,176642,2009-03-31
,,,,,,,,,,,,,,,,,,,,177135,2009-03-31
,,,,,,,,,,,,,,,,,,,,177443,2009-03-31
,,,,,,,,,,,,,,,,,,,,177500,2009-03-31
,,,,,,,,,,,,,,,,,,,,177546,2009-03-31
,,,,,,,,,,,,,,,,,,,,177555,2009-03-31
,,,,,,,,,,,,,,,,,,,,177751,2009-03-31
,,,,,,,,,,,,,,,,,,,,177920,2009-03-31
,,,,,,,,,,,,,,,,,,,,177957,2009-03-31
,,,,,,,,,,,,,,,,,,,,178057,2009-03-31
,,,,,,,,,,,,,,,,,,,,178150,2009-03-31
,,,,,,,,,,,,,,,,,,,,178244,2009-03-31
,,,,,,,,,,,,,,,,,,,,178271,2009-03-31
,,,,,,,,,,,,,,,,,,,,178356,2009-03-31
,,,,,,,,,,,,,,,,,,,,178851,2009-03-31
,,,,,,,,,,,,,,,,,,,,179148,2009-03-31
,,,,,,,,,,,,,,,,,,,,179335,2009-03-31
,,,,,,,,,,,,,,,,,,,,179700,2009-03-31
,,,,,,,,,,,,,,,,,,,,179755,2009-03-31
,,,,,,,,,,,,,,,,,,,,180041,2009-03-31
,,,,,,,,,,,,,,,,,,,,180078,2009-03-31
,,,,,,,,,,,,,,,,,,,,180144,2009-03-31
,,,,,,,,,,,,,,,,,,,,180416,2009-03-31
,,,,,,,,,,,,,,,,,,,,180443,2009-03-31
,,,,,,,,,,,,,,,,,,,,180537,2009-03-31
,,,,,,,,,,,,,,,,,,,,180845,2009-03-31
,,,,,,,,,,,,,,,,,,,,181347,2009-03-31
,,,,,,,,,,,,,,,,,,,,181459,2009-03-31
,,,,,,,,,,,,,,,,,,,,181758,2009-03-31
,,,,,,,,,,,,,,,,,,,,181963,2009-03-31
,,,,,,,,,,,,,,,,,,,,182157,2009-03-31
,,,,,,,,,,,,,,,,,,,,182353,2009-03-31
,,,,,,,,,,,,,,,,,,,,182401,2009-03-31
,,,,,,,,,,,,,,,,,,,,182652,2009-03-31
,,,,,,,,,,,,,,,,,,,,182951,2009-03-31
,,,,,,,,,,,,,,,,,,,,183042,2009-03-31
,,,,,,,,,,,,,,,,,,,,183051,2009-03-31
,,,,,,,,,,,,,,,,,,,,183154,2009-03-31
,,,,,,,,,,,,,,,,,,,,183668,2009-03-31
,,,,,,,,,,,,,,,,,,,,183770,2009-03-31
,,,,,,,,,,,,,,,,,,,,183846,2009-03-31
,,,,,,,,,,,,,,,,,,,,183958,2009-03-31
,,,,,,,,,,,,,,,,,,,,184142,2009-03-31
,,,,,,,,,,,,,,,,,,,,184245,2009-03-31
,,,,,,,,,,,,,,,,,,,,184656,2009-03-31
,,,,,,,,,,,,,,,,,,,,184759,2009-03-31
,,,,,,,,,,,,,,,,,,,,184937,2009-03-31
,,,,,,,,,,,,,,,,,,,,185037,2009-03-31
,,,,,,,,,,,,,,,,,,,,185251,2009-03-31
,,,,,,,,,,,,,,,,,,,,185448,2009-03-31
,,,,,,,,,,,,,,,,,,,,185457,2009-03-31
,,,,,,,,,,,,,,,,,,,,185859,2009-03-31
,,,,,,,,,,,,,,,,,,,,186221,2009-03-31
,,,,,,,,,,,,,,,,,,,,186548,2009-03-31
,,,,,,,,,,,,,,,,,,,,186557,2009-03-31
,,,,,,,,,,,,,,,,,,,,186650,2009-03-31
,,,,,,,,,,,,,,,,,,,,186717,2009-03-31
,,,,,,,,,,,,,,,,,,,,186744,2009-03-31
,,,,,,,,,,,,,,,,,,,,186838,2009-03-31
,,,,,,,,,,,,,,,,,,,,186856,2009-03-31
,,,,,,,,,,,,,,,,,,,,187358,2009-03-31
,,,,,,,,,,,,,,,,,,,,187451,2009-03-31
,,,,,,,,,,,,,,,,,,,,187648,2009-03-31
,,,,,,,,,,,,,,,,,,,,187947,2009-03-31
,,,,,,,,,,,,,,,,,,,,188056,2009-03-31
,,,,,,,,,,,,,,,,,,,,188430,2009-03-31
,,,,,,,,,,,,,,,,,,,,188449,2009-03-31
,,,,,,,,,,,,,,,,,,,,188720,2009-03-31
,,,,,,,,,,,,,,,,,,,,188739,2009-03-31
,,,,,,,,,,,,,,,,,,,,188757,2009-03-31
,,,,,,,,,,,,,,,,,,,,188917,2009-03-31
,,,,,,,,,,,,,,,,,,,,188926,2009-03-31
,,,,,,,,,,,,,,,,,,,,189044,2009-03-31
,,,,,,,,,,,,,,,,,,,,189129,2009-03-31
,,,,,,,,,,,,,,,,,,,,189352,2009-03-31
,,,,,,,,,,,,,,,,,,,,189549,2009-03-31
,,,,,,,,,,,,,,,,,,,,189745,2009-03-31
,,,,,,,,,,,,,,,,,,,,189820,2009-03-31
,,,,,,,,,,,,,,,,,,,,189950,2009-03-31
,,,,,,,,,,,,,,,,,,,,190246,2009-03-31
,,,,,,,,,,,,,,,,,,,,190451,2009-03-31
,,,,,,,,,,,,,,,,,,,,190554,2009-03-31
,,,,,,,,,,,,,,,,,,,,190563,2009-03-31
,,,,,,,,,,,,,,,,,,,,190639,2009-03-31
,,,,,,,,,,,,,,,,,,,,190648,2009-03-31
,,,,,,,,,,,,,,,,,,,,190947,2009-03-31
,,,,,,,,,,,,,,,,,,,,190956,2009-03-31
,,,,,,,,,,,,,,,,,,,,191355,2009-03-31
,,,,,,,,,,,,,,,,,,,,191449,2009-03-31
,,,,,,,,,,,,,,,,,,,,191935,2009-03-31
,,,,,,,,,,,,,,,,,,,,192147,2009-03-31
,,,,,,,,,,,,,,,,,,,,192156,2009-03-31
,,,,,,,,,,,,,,,,,,,,192558,2009-03-31
,,,,,,,,,,,,,,,,,,,,192651,2009-03-31
,,,,,,,,,,,,,,,,,,,,192857,2009-03-31
,,,,,,,,,,,,,,,,,,,,193162,2009-03-31
,,,,,,,,,,,,,,,,,,,,193247,2009-03-31
,,,,,,,,,,,,,,,,,,,,193461,2009-03-31
,,,,,,,,,,,,,,,,,,,,193537,2009-03-31
,,,,,,,,,,,,,,,,,,,,193649,2009-03-31
,,,,,,,,,,,,,,,,,,,,193809,2009-03-31
,,,,,,,,,,,,,,,,,,,,194253,2009-03-31
,,,,,,,,,,,,,,,,,,,,194440,2009-03-31
,,,,,,,,,,,,,,,,,,,,194936,2009-03-31
,,,,,,,,,,,,,,,,,,,,195111,2009-03-31
,,,,,,,,,,,,,,,,,,,,195157,2009-03-31
,,,,,,,,,,,,,,,,,,,,195456,2009-03-31
,,,,,,,,,,,,,,,,,,,,196257,2009-03-31
,,,,,,,,,,,,,,,,,,,,196743,2009-03-31
,,,,,,,,,,,,,,,,,,,,196752,2009-03-31
,,,,,,,,,,,,,,,,,,,,196800,2009-03-31
,,,,,,,,,,,,,,,,,,,,197142,2009-03-31
,,,,,,,,,,,,,,,,,,,,197254,2009-03-31
,,,,,,,,,,,,,,,,,,,,197302,2009-03-31
,,,,,,,,,,,,,,,,,,,,197357,2009-03-31
,,,,,,,,,,,,,,,,,,,,197478,2009-03-31
,,,,,,,,,,,,,,,,,,,,197759,2009-03-31
,,,,,,,,,,,,,,,,,,,,198046,2009-03-31
,,,,,,,,,,,,,,,,,,,,198103,2009-03-31
,,,,,,,,,,,,,,,,,,,,198149,2009-03-31
,,,,,,,,,,,,,,,,,,,,198251,2009-03-31
,,,,,,,,,,,,,,,,,,,,198831,2009-03-31
,,,,,,,,,,,,,,,,,,,,198859,2009-03-31
,,,,,,,,,,,,,,,,,,,,198961,2009-03-31
,,,,,,,,,,,,,,,,,,,,199052,2009-03-31
,,,,,,,,,,,,,,,,,,,,199137,2009-03-31
,,,,,,,,,,,,,,,,,,,,199351,2009-03-31
,,,,,,,,,,,,,,,,,,,,199436,2009-03-31
,,,,,,,,,,,,,,,,,,,,199454,2009-03-31
,,,,,,,,,,,,,,,,,,,,199463,2009-03-31
,,,,,,,,,,,,,,,,,,,,199940,2009-03-31
,,,,,,,,,,,,,,,,,,,,200042,2009-03-31
,,,,,,,,,,,,,,,,,,,,200435,2009-03-31
,,,,,,,,,,,,,,,,,,,,200640,2009-03-31
,,,,,,,,,,,,,,,,,,,,201049,2009-03-31
,,,,,,,,,,,,,,,,,,,,201254,2009-03-31
,,,,,,,,,,,,,,,,,,,,201441,2009-03-31
,,,,,,,,,,,,,,,,,,,,201638,2009-03-31
,,,,,,,,,,,,,,,,,,,,201647,2009-03-31
,,,,,,,,,,,,,,,,,,,,201834,2009-03-31
,,,,,,,,,,,,,,,,,,,,202251,2009-03-31
,,,,,,,,,,,,,,,,,,,,202514,2009-03-31
,,,,,,,,,,,,,,,,,,,,202541,2009-03-31
,,,,,,,,,,,,,,,,,,,,202550,2009-03-31
,,,,,,,,,,,,,,,,,,,,202907,2009-03-31
,,,,,,,,,,,,,,,,,,,,203052,2009-03-31
,,,,,,,,,,,,,,,,,,,,203418,2009-03-31
,,,,,,,,,,,,,,,,,,,,203575,2009-03-31
,,,,,,,,,,,,,,,,,,,,204004,2009-03-31
,,,,,,,,,,,,,,,,,,,,204237,2009-03-31
,,,,,,,,,,,,,,,,,,,,204826,2009-03-31
,,,,,,,,,,,,,,,,,,,,205159,2009-03-31
,,,,,,,,,,,,,,,,,,,,205243,2009-03-31
,,,,,,,,,,,,,,,,,,,,205346,2009-03-31
,,,,,,,,,,,,,,,,,,,,205458,2009-03-31
,,,,,,,,,,,,,,,,,,,,205542,2009-03-31
,,,,,,,,,,,,,,,,,,,,205654,2009-03-31
,,,,,,,,,,,,,,,,,,,,206156,2009-03-31
,,,,,,,,,,,,,,,,,,,,206174,2009-03-31
,,,,,,,,,,,,,,,,,,,,206772,2009-03-31
,,,,,,,,,,,,,,,,,,,,206950,2009-03-31
,,,,,,,,,,,,,,,,,,,,207041,2009-03-31
,,,,,,,,,,,,,,,,,,,,207050,2009-03-31
,,,,,,,,,,,,,,,,,,,,207452,2009-03-31
,,,,,,,,,,,,,,,,,,,,207555,2009-03-31
,,,,,,,,,,,,,,,,,,,,207564,2009-03-31
,,,,,,,,,,,,,,,,,,,,207845,2009-03-31
,,,,,,,,,,,,,,,,,,,,207872,2009-03-31
,,,,,,,,,,,,,,,,,,,,207957,2009-03-31
,,,,,,,,,,,,,,,,,,,,208057,2009-03-31
,,,,,,,,,,,,,,,,,,,,208169,2009-03-31
,,,,,,,,,,,,,,,,,,,,208244,2009-03-31
,,,,,,,,,,,,,,,,,,,,208347,2009-03-31
,,,,,,,,,,,,,,,,,,,,208440,2009-03-31
,,,,,,,,,,,,,,,,,,,,208459,2009-03-31
,,,,,,,,,,,,,,,,,,,,208655,2009-03-31
,,,,,,,,,,,,,,,,,,,,208972,2009-03-31
,,,,,,,,,,,,,,,,,,,,209148,2009-03-31
,,,,,,,,,,,,,,,,,,,,209335,2009-03-31
,,,,,,,,,,,,,,,,,,,,209362,2009-03-31
,,,,,,,,,,,,,,,,,,,,209447,2009-03-31
,,,,,,,,,,,,,,,,,,,,209559,2009-03-31
,,,,,,,,,,,,,,,,,,,,209830,2009-03-31
,,,,,,,,,,,,,,,,,,,,209858,2009-03-31
,,,,,,,,,,,,,,,,,,,,210238,2009-03-31
,,,,,,,,,,,,,,,,,,,,210256,2009-03-31
,,,,,,,,,,,,,,,,,,,,210434,2009-03-31
,,,,,,,,,,,,,,,,,,,,210452,2009-03-31
,,,,,,,,,,,,,,,,,,,,210555,2009-03-31
,,,,,,,,,,,,,,,,,,,,211114,2009-03-31
,,,,,,,,,,,,,,,,,,,,211338,2009-03-31
,,,,,,,,,,,,,,,,,,,,211851,2009-03-31
,,,,,,,,,,,,,,,,,,,,211954,2009-03-31
,,,,,,,,,,,,,,,,,,,,212018,2009-03-31
,,,,,,,,,,,,,,,,,,,,212335,2009-03-31
,,,,,,,,,,,,,,,,,,,,212344,2009-03-31
,,,,,,,,,,,,,,,,,,,,212465,2009-03-31
,,,,,,,,,,,,,,,,,,,,212522,2009-03-31
,,,,,,,,,,,,,,,,,,,,213538,2009-03-31
,,,,,,,,,,,,,,,,,,,,213912,2009-03-31
,,,,,,,,,,,,,,,,,,,,213958,2009-03-31
,,,,,,,,,,,,,,,,,,,,214414,2009-03-31
,,,,,,,,,,,,,,,,,,,,214722,2009-03-31
,,,,,,,,,,,,,,,,,,,,214807,2009-03-31
,,,,,,,,,,,,,,,,,,,,214843,2009-03-31
,,,,,,,,,,,,,,,,,,,,215130,2009-03-31
,,,,,,,,,,,,,,,,,,,,215251,2009-03-31
,,,,,,,,,,,,,,,,,,,,215345,2009-03-31
,,,,,,,,,,,,,,,,,,,,215354,2009-03-31
,,,,,,,,,,,,,,,,,,,,215653,2009-03-31
,,,,,,,,,,,,,,,,,,,,215662,2009-03-31
,,,,,,,,,,,,,,,,,,,,215710,2009-03-31
,,,,,,,,,,,,,,,,,,,,215756,2009-03-31
,,,,,,,,,,,,,,,,,,,,216164,2009-03-31
,,,,,,,,,,,,,,,,,,,,216230,2009-03-31
,,,,,,,,,,,,,,,,,,,,216445,2009-03-31
,,,,,,,,,,,,,,,,,,,,216632,2009-03-31
,,,,,,,,,,,,,,,,,,,,216922,2009-03-31
,,,,,,,,,,,,,,,,,,,,217059,2009-03-31
,,,,,,,,,,,,,,,,,,,,217620,2009-03-31
,,,,,,,,,,,,,,,,,,,,218131,2009-03-31
,,,,,,,,,,,,,,,,,,,,218261,2009-03-31
,,,,,,,,,,,,,,,,,,,,218757,2009-03-31
,,,,,,,,,,,,,,,,,,,,218775,2009-03-31
,,,,,,,,,,,,,,,,,,,,218850,2009-03-31
,,,,,,,,,,,,,,,,,,,,218878,2009-03-31
,,,,,,,,,,,,,,,,,,,,219044,2009-03-31
,,,,,,,,,,,,,,,,,,,,219138,2009-03-31
,,,,,,,,,,,,,,,,,,,,219259,2009-03-31
,,,,,,,,,,,,,,,,,,,,219343,2009-03-31
,,,,,,,,,,,,,,,,,,,,219651,2009-03-31
,,,,,,,,,,,,,,,,,,,,219857,2009-03-31
,,,,,,,,,,,,,,,,,,,,220059,2009-03-31
,,,,,,,,,,,,,,,,,,,,220527,2009-03-31
,,,,,,,,,,,,,,,,,,,,220545,2009-03-31
,,,,,,,,,,,,,,,,,,,,220844,2009-03-31
,,,,,,,,,,,,,,,,,,,,221476,2009-03-31
,,,,,,,,,,,,,,,,,,,,222053,2009-03-31
,,,,,,,,,,,,,,,,,,,,222147,2009-03-31
,,,,,,,,,,,,,,,,,,,,222156,2009-03-31
,,,,,,,,,,,,,,,,,,,,222446,2009-03-31
,,,,,,,,,,,,,,,,,,,,222558,2009-03-31
,,,,,,,,,,,,,,,,,,,,222754,2009-03-31
,,,,,,,,,,,,,,,,,,,,223238,2009-03-31
,,,,,,,,,,,,,,,,,,,,223322,2009-03-31
,,,,,,,,,,,,,,,,,,,,223331,2009-03-31
,,,,,,,,,,,,,,,,,,,,223452,2009-03-31
,,,,,,,,,,,,,,,,,,,,223751,2009-03-31
,,,,,,,,,,,,,,,,,,,,223845,2009-03-31
,,,,,,,,,,,,,,,,,,,,224178,2009-03-31
,,,,,,,,,,,,,,,,,,,,224552,2009-03-31
,,,,,,,,,,,,,,,,,,,,224637,2009-03-31
,,,,,,,,,,,,,,,,,,,,224655,2009-03-31
,,,,,,,,,,,,,,,,,,,,224954,2009-03-31
,,,,,,,,,,,,,,,,,,,,225054,2009-03-31
,,,,,,,,,,,,,,,,,,,,225157,2009-03-31
,,,,,,,,,,,,,,,,,,,,225241,2009-03-31
,,,,,,,,,,,,,,,,,,,,225250,2009-03-31
,,,,,,,,,,,,,,,,,,,,225335,2009-03-31
,,,,,,,,,,,,,,,,,,,,225559,2009-03-31
,,,,,,,,,,,,,,,,,,,,225942,2009-03-31
,,,,,,,,,,,,,,,,,,,,226659,2009-03-31
,,,,,,,,,,,,,,,,,,,,226734,2009-03-31
,,,,,,,,,,,,,,,,,,,,226752,2009-03-31
,,,,,,,,,,,,,,,,,,,,226949,2009-03-31
,,,,,,,,,,,,,,,,,,,,227151,2009-03-31
,,,,,,,,,,,,,,,,,,,,227179,2009-03-31
,,,,,,,,,,,,,,,,,,,,227357,2009-03-31
,,,,,,,,,,,,,,,,,,,,227656,2009-03-31
,,,,,,,,,,,,,,,,,,,,228000,2009-03-31
,,,,,,,,,,,,,,,,,,,,228055,2009-03-31
,,,,,,,,,,,,,,,,,,,,228158,2009-03-31
,,,,,,,,,,,,,,,,,,,,228345,2009-03-31
,,,,,,,,,,,,,,,,,,,,229342,2009-03-31
,,,,,,,,,,,,,,,,,,,,229454,2009-03-31
,,,,,,,,,,,,,,,,,,,,229801,2009-03-31
,,,,,,,,,,,,,,,,,,,,229913,2009-03-31
,,,,,,,,,,,,,,,,,,,,229940,2009-03-31
,,,,,,,,,,,,,,,,,,,,229959,2009-03-31
,,,,,,,,,,,,,,,,,,,,230254,2009-03-31
,,,,,,,,,,,,,,,,,,,,230357,2009-03-31
,,,,,,,,,,,,,,,,,,,,230423,2009-03-31
,,,,,,,,,,,,,,,,,,,,230535,2009-03-31
,,,,,,,,,,,,,,,,,,,,230610,2009-03-31
,,,,,,,,,,,,,,,,,,,,230740,2009-03-31
,,,,,,,,,,,,,,,,,,,,230759,2009-03-31
,,,,,,,,,,,,,,,,,,,,231149,2009-03-31
,,,,,,,,,,,,,,,,,,,,231242,2009-03-31
,,,,,,,,,,,,,,,,,,,,231279,2009-03-31
,,,,,,,,,,,,,,,,,,,,231336,2009-03-31
,,,,,,,,,,,,,,,,,,,,232258,2009-03-31
,,,,,,,,,,,,,,,,,,,,232847,2009-03-31
,,,,,,,,,,,,,,,,,,,,232856,2009-03-31
,,,,,,,,,,,,,,,,,,,,233031,2009-03-31
,,,,,,,,,,,,,,,,,,,,233246,2009-03-31
,,,,,,,,,,,,,,,,,,,,233358,2009-03-31
,,,,,,,,,,,,,,,,,,,,233442,2009-03-31
,,,,,,,,,,,,,,,,,,,,233451,2009-03-31
,,,,,,,,,,,,,,,,,,,,233527,2009-03-31
,,,,,,,,,,,,,,,,,,,,233554,2009-03-31
,,,,,,,,,,,,,,,,,,,,234056,2009-03-31
,,,,,,,,,,,,,,,,,,,,234355,2009-03-31
,,,,,,,,,,,,,,,,,,,,234506,2009-03-31
,,,,,,,,,,,,,,,,,,,,234739,2009-03-31
,,,,,,,,,,,,,,,,,,,,234841,2009-03-31
,,,,,,,,,,,,,,,,,,,,235017,2009-03-31
,,,,,,,,,,,,,,,,,,,,235231,2009-03-31
,,,,,,,,,,,,,,,,,,,,235316,2009-03-31
,,,,,,,,,,,,,,,,,,,,235446,2009-03-31
,,,,,,,,,,,,,,,,,,,,235530,2009-03-31
,,,,,,,,,,,,,,,,,,,,235558,2009-03-31
,,,,,,,,,,,,,,,,,,,,235950,2009-03-31
,,,,,,,,,,,,,,,,,,,,236050,2009-03-31
,,,,,,,,,,,,,,,,,,,,236153,2009-03-31
,,,,,,,,,,,,,,,,,,,,236256,2009-03-31
,,,,,,,,,,,,,,,,,,,,236452,2009-03-31
,,,,,,,,,,,,,,,,,,,,236603,2009-03-31
,,,,,,,,,,,,,,,,,,,,236706,2009-03-31
,,,,,,,,,,,,,,,,,,,,236751,2009-03-31
,,,,,,,,,,,,,,,,,,,,236957,2009-03-31
,,,,,,,,,,,,,,,,,,,,237066,2009-03-31
,,,,,,,,,,,,,,,,,,,,237150,2009-03-31
,,,,,,,,,,,,,,,,,,,,237619,2009-03-31
,,,,,,,,,,,,,,,,,,,,237954,2009-03-31
,,,,,,,,,,,,,,,,,,,,238045,2009-03-31
,,,,,,,,,,,,,,,,,,,,238139,2009-03-31
,,,,,,,,,,,,,,,,,,,,238241,2009-03-31
,,,,,,,,,,,,,,,,,,,,238250,2009-03-31
,,,,,,,,,,,,,,,,,,,,238737,2009-03-31
,,,,,,,,,,,,,,,,,,,,238755,2009-03-31
,,,,,,,,,,,,,,,,,,,,238812,2009-03-31
,,,,,,,,,,,,,,,,,,,,239015,2009-03-31
,,,,,,,,,,,,,,,,,,,,239042,2009-03-31
,,,,,,,,,,,,,,,,,,,,239275,2009-03-31
,,,,,,,,,,,,,,,,,,,,239556,2009-03-31
,,,,,,,,,,,,,,,,,,,,239613,2009-03-31
,,,,,,,,,,,,,,,,,,,,239640,2009-03-31
,,,,,,,,,,,,,,,,,,,,239659,2009-03-31
,,,,,,,,,,,,,,,,,,,,239752,2009-03-31
,,,,,,,,,,,,,,,,,,,,240356,2009-03-31
,,,,,,,,,,,,,,,,,,,,240459,2009-03-31
,,,,,,,,,,,,,,,,,,,,240468,2009-03-31
,,,,,,,,,,,,,,,,,,,,240954,2009-03-31
,,,,,,,,,,,,,,,,,,,,241009,2009-03-31
,,,,,,,,,,,,,,,,,,,,241157,2009-03-31
,,,,,,,,,,,,,,,,,,,,241559,2009-03-31
,,,,,,,,,,,,,,,,,,,,241607,2009-03-31
,,,,,,,,,,,,,,,,,,,,242248,2009-03-31
,,,,,,,,,,,,,,,,,,,,242257,2009-03-31
,,,,,,,,,,,,,,,,,,,,242444,2009-03-31
,,,,,,,,,,,,,,,,,,,,242949,2009-03-31
,,,,,,,,,,,,,,,,,,,,242958,2009-03-31
,,,,,,,,,,,,,,,,,,,,243375,2009-03-31
,,,,,,,,,,,,,,,,,,,,243414,2009-03-31
,,,,,,,,,,,,,,,,,,,,243647,2009-03-31
,,,,,,,,,,,,,,,,,,,,243955,2009-03-31
,,,,,,,,,,,,,,,,,,,,244037,2009-03-31
,,,,,,,,,,,,,,,,,,,,244149,2009-03-31
,,,,,,,,,,,,,,,,,,,,244158,2009-03-31
,,,,,,,,,,,,,,,,,,,,244251,2009-03-31
,,,,,,,,,,,,,,,,,,,,245016,2009-03-31
,,,,,,,,,,,,,,,,,,,,245276,2009-03-31
,,,,,,,,,,,,,,,,,,,,245351,2009-03-31
,,,,,,,,,,,,,,,,,,,,245557,2009-03-31
,,,,,,,,,,,,,,,,,,,,245856,2009-03-31
,,,,,,,,,,,,,,,,,,,,246022,2009-03-31
,,,,,,,,,,,,,,,,,,,,246134,2009-03-31
,,,,,,,,,,,,,,,,,,,,246237,2009-03-31
,,,,,,,,,,,,,,,,,,,,246451,2009-03-31
,,,,,,,,,,,,,,,,,,,,246657,2009-03-31
,,,,,,,,,,,,,,,,,,,,246947,2009-03-31
,,,,,,,,,,,,,,,,,,,,246956,2009-03-31
,,,,,,,,,,,,,,,,,,,,247140,2009-03-31
,,,,,,,,,,,,,,,,,,,,247355,2009-03-31
,,,,,,,,,,,,,,,,,,,,247449,2009-03-31
,,,,,,,,,,,,,,,,,,,,247476,2009-03-31
,,,,,,,,,,,,,,,,,,,,247551,2009-03-31
,,,,,,,,,,,,,,,,,,,,247645,2009-03-31
,,,,,,,,,,,,,,,,,,,,247908,2009-03-31
,,,,,,,,,,,,,,,,,,,,248147,2009-03-31
,,,,,,,,,,,,,,,,,,,,248240,2009-03-31
,,,,,,,,,,,,,,,,,,,,248352,2009-03-31
,,,,,,,,,,,,,,,,,,,,248455,2009-03-31
,,,,,,,,,,,,,,,,,,,,248633,2009-03-31
,,,,,,,,,,,,,,,,,,,,248745,2009-03-31
,,,,,,,,,,,,,,,,,,,,248950,2009-03-31
,,,,,,,,,,,,,,,,,,,,248969,2009-03-31
,,,,,,,,,,,,,,,,,,,,249153,2009-03-31
,,,,,,,,,,,,,,,,,,,,249304,2009-03-31
,,,,,,,,,,,,,,,,,,,,249416,2009-03-31
,,,,,,,,,,,,,,,,,,,,249546,2009-03-31
,,,,,,,,,,,,,,,,,,,,249555,2009-03-31
,,,,,,,,,,,,,,,,,,,,249564,2009-03-31
,,,,,,,,,,,,,,,,,,,,249612,2009-03-31
,,,,,,,,,,,,,,,,,,,,249658,2009-03-31
,,,,,,,,,,,,,,,,,,,,249872,2009-03-31
,,,,,,,,,,,,,,,,,,,,249957,2009-03-31
,,,,,,,,,,,,,,,,,,,,250047,2009-03-31
,,,,,,,,,,,,,,,,,,,,250430,2009-03-31
,,,,,,,,,,,,,,,,,,,,250850,2009-03-31
,,,,,,,,,,,,,,,,,,,,251352,2009-03-31
,,,,,,,,,,,,,,,,,,,,251558,2009-03-31
,,,,,,,,,,,,,,,,,,,,251745,2009-03-31
,,,,,,,,,,,,,,,,,,,,251857,2009-03-31
,,,,,,,,,,,,,,,,,,,,252041,2009-03-31
,,,,,,,,,,,,,,,,,,,,252256,2009-03-31
,,,,,,,,,,,,,,,,,,,,252452,2009-03-31
,,,,,,,,,,,,,,,,,,,,252658,2009-03-31
,,,,,,,,,,,,,,,,,,,,252836,2009-03-31
,,,,,,,,,,,,,,,,,,,,253262,2009-03-31
,,,,,,,,,,,,,,,,,,,,253356,2009-03-31
,,,,,,,,,,,,,,,,,,,,253440,2009-03-31
,,,,,,,,,,,,,,,,,,,,253468,2009-03-31
,,,,,,,,,,,,,,,,,,,,253646,2009-03-31
,,,,,,,,,,,,,,,,,,,,253730,2009-03-31
,,,,,,,,,,,,,,,,,,,,253776,2009-03-31
,,,,,,,,,,,,,,,,,,,,254317,2009-03-31
,,,,,,,,,,,,,,,,,,,,254504,2009-03-31
,,,,,,,,,,,,,,,,,,,,254652,2009-03-31
,,,,,,,,,,,,,,,,,,,,254670,2009-03-31
,,,,,,,,,,,,,,,,,,,,254849,2009-03-31
,,,,,,,,,,,,,,,,,,,,255136,2009-03-31
,,,,,,,,,,,,,,,,,,,,255350,2009-03-31
,,,,,,,,,,,,,,,,,,,,255547,2009-03-31
,,,,,,,,,,,,,,,,,,,,255556,2009-03-31
,,,,,,,,,,,,,,,,,,,,255574,2009-03-31
,,,,,,,,,,,,,,,,,,,,255659,2009-03-31
,,,,,,,,,,,,,,,,,,,,255873,2009-03-31
,,,,,,,,,,,,,,,,,,,,256049,2009-03-31
,,,,,,,,,,,,,,,,,,,,256058,2009-03-31
,,,,,,,,,,,,,,,,,,,,256179,2009-03-31
,,,,,,,,,,,,,,,,,,,,256553,2009-03-31
,,,,,,,,,,,,,,,,,,,,256964,2009-03-31
,,,,,,,,,,,,,,,,,,,,257233,2009-03-31
,,,,,,,,,,,,,,,,,,,,257345,2009-03-31
,,,,,,,,,,,,,,,,,,,,257466,2009-03-31
,,,,,,,,,,,,,,,,,,,,257653,2009-03-31
,,,,,,,,,,,,,,,,,,,,257756,2009-03-31
,,,,,,,,,,,,,,,,,,,,257868,2009-03-31
,,,,,,,,,,,,,,,,,,,,258146,2009-03-31
,,,,,,,,,,,,,,,,,,,,258306,2009-03-31
,,,,,,,,,,,,,,,,,,,,258351,2009-03-31
,,,,,,,,,,,,,,,,,,,,258379,2009-03-31
,,,,,,,,,,,,,,,,,,,,258445,2009-03-31
,,,,,,,,,,,,,,,,,,,,258539,2009-03-31
,,,,,,,,,,,,,,,,,,,,258632,2009-03-31
,,,,,,,,,,,,,,,,,,,,258771,2009-03-31
,,,,,,,,,,,,,,,,,,,,259031,2009-03-31
,,,,,,,,,,,,,,,,,,,,259059,2009-03-31
,,,,,,,,,,,,,,,,,,,,259330,2009-03-31
,,,,,,,,,,,,,,,,,,,,259442,2009-03-31
,,,,,,,,,,,,,,,,,,,,259518,2009-03-31
,,,,,,,,,,,,,,,,,,,,259657,2009-03-31
,,,,,,,,,,,,,,,,,,,,259853,2009-03-31
,,,,,,,,,,,,,,,,,,,,259956,2009-03-31
,,,,,,,,,,,,,,,,,,,,260055,2009-03-31
,,,,,,,,,,,,,,,,,,,,260354,2009-03-31
,,,,,,,,,,,,,,,,,,,,260831,2009-03-31
,,,,,,,,,,,,,,,,,,,,260868,2009-03-31
,,,,,,,,,,,,,,,,,,,,261070,2009-03-31
,,,,,,,,,,,,,,,,,,,,261146,2009-03-31
,,,,,,,,,,,,,,,,,,,,261258,2009-03-31
,,,,,,,,,,,,,,,,,,,,261360,2009-03-31
,,,,,,,,,,,,,,,,,,,,261940,2009-03-31
,,,,,,,,,,,,,,,,,,,,262059,2009-03-31
,,,,,,,,,,,,,,,,,,,,262237,2009-03-31
,,,,,,,,,,,,,,,,,,,,262358,2009-03-31
,,,,,,,,,,,,,,,,,,,,262451,2009-03-31
,,,,,,,,,,,,,,,,,,,,262741,2009-03-31
,,,,,,,,,,,,,,,,,,,,262844,2009-03-31
,,,,,,,,,,,,,,,,,,,,262956,2009-03-31
,,,,,,,,,,,,,,,,,,,,263243,2009-03-31
,,,,,,,,,,,,,,,,,,,,263551,2009-03-31
,,,,,,,,,,,,,,,,,,,,263627,2009-03-31
,,,,,,,,,,,,,,,,,,,,264156,2009-03-31
,,,,,,,,,,,,,,,,,,,,264455,2009-03-31
,,,,,,,,,,,,,,,,,,,,264558,2009-03-31
,,,,,,,,,,,,,,,,,,,,264941,2009-03-31
,,,,,,,,,,,,,,,,,,,,265340,2009-03-31
,,,,,,,,,,,,,,,,,,,,265407,2009-03-31
,,,,,,,,,,,,,,,,,,,,265452,2009-03-31
,,,,,,,,,,,,,,,,,,,,265676,2009-03-31
,,,,,,,,,,,,,,,,,,,,266066,2009-03-31
,,,,,,,,,,,,,,,,,,,,266244,2009-03-31
,,,,,,,,,,,,,,,,,,,,266253,2009-03-31
,,,,,,,,,,,,,,,,,,,,266271,2009-03-31
,,,,,,,,,,,,,,,,,,,,266655,2009-03-31
,,,,,,,,,,,,,,,,,,,,266851,2009-03-31
,,,,,,,,,,,,,,,,,,,,266879,2009-03-31
,,,,,,,,,,,,,,,,,,,,266945,2009-03-31
,,,,,,,,,,,,,,,,,,,,267652,2009-03-31
,,,,,,,,,,,,,,,,,,,,267737,2009-03-31
,,,,,,,,,,,,,,,,,,,,268136,2009-03-31
,,,,,,,,,,,,,,,,,,,,268257,2009-03-31
,,,,,,,,,,,,,,,,,,,,268556,2009-03-31
,,,,,,,,,,,,,,,,,,,,268734,2009-03-31
,,,,,,,,,,,,,,,,,,,,268828,2009-03-31
,,,,,,,,,,,,,,,,,,,,268976,2009-03-31
,,,,,,,,,,,,,,,,,,,,269049,2009-03-31
,,,,,,,,,,,,,,,,,,,,269058,2009-03-31
,,,,,,,,,,,,,,,,,,,,269478,2009-03-31
,,,,,,,,,,,,,,,,,,,,269759,2009-03-31
,,,,,,,,,,,,,,,,,,,,270036,2009-03-31
,,,,,,,,,,,,,,,,,,,,270148,2009-03-31
,,,,,,,,,,,,,,,,,,,,270335,2009-03-31
,,,,,,,,,,,,,,,,,,,,270353,2009-03-31
,,,,,,,,,,,,,,,,,,,,270504,2009-03-31
,,,,,,,,,,,,,,,,,,,,270531,2009-03-31
,,,,,,,,,,,,,,,,,,,,270652,2009-03-31
,,,,,,,,,,,,,,,,,,,,271136,2009-03-31
,,,,,,,,,,,,,,,,,,,,271154,2009-03-31
,,,,,,,,,,,,,,,,,,,,271275,2009-03-31
,,,,,,,,,,,,,,,,,,,,271341,2009-03-31
,,,,,,,,,,,,,,,,,,,,271529,2009-03-31
,,,,,,,,,,,,,,,,,,,,271631,2009-03-31
,,,,,,,,,,,,,,,,,,,,271743,2009-03-31
,,,,,,,,,,,,,,,,,,,,271752,2009-03-31
,,,,,,,,,,,,,,,,,,,,271855,2009-03-31
,,,,,,,,,,,,,,,,,,,,272030,2009-03-31
,,,,,,,,,,,,,,,,,,,,272058,2009-03-31
,,,,,,,,,,,,,,,,,,,,272151,2009-03-31
,,,,,,,,,,,,,,,,,,,,272218,2009-03-31
,,,,,,,,,,,,,,,,,,,,272245,2009-03-31
,,,,,,,,,,,,,,,,,,,,272272,2009-03-31
,,,,,,,,,,,,,,,,,,,,272302,2009-03-31
,,,,,,,,,,,,,,,,,,,,272870,2009-03-31
,,,,,,,,,,,,,,,,,,,,273149,2009-03-31
,,,,,,,,,,,,,,,,,,,,273251,2009-03-31
,,,,,,,,,,,,,,,,,,,,273336,2009-03-31
,,,,,,,,,,,,,,,,,,,,273550,2009-03-31
,,,,,,,,,,,,,,,,,,,,273653,2009-03-31
,,,,,,,,,,,,,,,,,,,,273662,2009-03-31
,,,,,,,,,,,,,,,,,,,,273840,2009-03-31
,,,,,,,,,,,,,,,,,,,,273859,2009-03-31
,,,,,,,,,,,,,,,,,,,,274025,2009-03-31
,,,,,,,,,,,,,,,,,,,,274052,2009-03-31
,,,,,,,,,,,,,,,,,,,,274164,2009-03-31
,,,,,,,,,,,,,,,,,,,,274548,2009-03-31
,,,,,,,,,,,,,,,,,,,,274641,2009-03-31
,,,,,,,,,,,,,,,,,,,,274753,2009-03-31
,,,,,,,,,,,,,,,,,,,,274829,2009-03-31
,,,,,,,,,,,,,,,,,,,,274856,2009-03-31
,,,,,,,,,,,,,,,,,,,,275255,2009-03-31
,,,,,,,,,,,,,,,,,,,,275358,2009-03-31
,,,,,,,,,,,,,,,,,,,,275509,2009-03-31
,,,,,,,,,,,,,,,,,,,,275657,2009-03-31
,,,,,,,,,,,,,,,,,,,,275750,2009-03-31
,,,,,,,,,,,,,,,,,,,,275769,2009-03-31
,,,,,,,,,,,,,,,,,,,,276159,2009-03-31
,,,,,,,,,,,,,,,,,,,,276355,2009-03-31
,,,,,,,,,,,,,,,,,,,,276551,2009-03-31
,,,,,,,,,,,,,,,,,,,,276579,2009-03-31
,,,,,,,,,,,,,,,,,,,,276645,2009-03-31
,,,,,,,,,,,,,,,,,,,,276654,2009-03-31
,,,,,,,,,,,,,,,,,,,,276775,2009-03-31
,,,,,,,,,,,,,,,,,,,,276850,2009-03-31
,,,,,,,,,,,,,,,,,,,,276953,2009-03-31
,,,,,,,,,,,,,,,,,,,,277053,2009-03-31
,,,,,,,,,,,,,,,,,,,,277240,2009-03-31
,,,,,,,,,,,,,,,,,,,,277277,2009-03-31
,,,,,,,,,,,,,,,,,,,,277558,2009-03-31
,,,,,,,,,,,,,,,,,,,,277567,2009-03-31
,,,,,,,,,,,,,,,,,,,,277736,2009-03-31
,,,,,,,,,,,,,,,,,,,,277820,2009-03-31
,,,,,,,,,,,,,,,,,,,,278078,2009-03-31
,,,,,,,,,,,,,,,,,,,,278153,2009-03-31
,,,,,,,,,,,,,,,,,,,,278256,2009-03-31
,,,,,,,,,,,,,,,,,,,,278555,2009-03-31
,,,,,,,,,,,,,,,,,,,,278733,2009-03-31
,,,,,,,,,,,,,,,,,,,,278751,2009-03-31
,,,,,,,,,,,,,,,,,,,,278818,2009-03-31
,,,,,,,,,,,,,,,,,,,,278957,2009-03-31
,,,,,,,,,,,,,,,,,,,,279105,2009-03-31
,,,,,,,,,,,,,,,,,,,,279338,2009-03-31
,,,,,,,,,,,,,,,,,,,,279673,2009-03-31
,,,,,,,,,,,,,,,,,,,,279842,2009-03-31
,,,,,,,,,,,,,,,,,,,,279954,2009-03-31
,,,,,,,,,,,,,,,,,,,,280044,2009-03-31
,,,,,,,,,,,,,,,,,,,,280110,2009-03-31
,,,,,,,,,,,,,,,,,,,,280138,2009-03-31
,,,,,,,,,,,,,,,,,,,,280352,2009-03-31
,,,,,,,,,,,,,,,,,,,,280558,2009-03-31
,,,,,,,,,,,,,,,,,,,,280950,2009-03-31
,,,,,,,,,,,,,,,,,,,,281144,2009-03-31
,,,,,,,,,,,,,,,,,,,,281210,2009-03-31
,,,,,,,,,,,,,,,,,,,,282048,2009-03-31
,,,,,,,,,,,,,,,,,,,,282226,2009-03-31
,,,,,,,,,,,,,,,,,,,,282329,2009-03-31
,,,,,,,,,,,,,,,,,,,,282824,2009-03-31
,,,,,,,,,,,,,,,,,,,,283157,2009-03-31
,,,,,,,,,,,,,,,,,,,,283438,2009-03-31
,,,,,,,,,,,,,,,,,,,,283652,2009-03-31
,,,,,,,,,,,,,,,,,,,,283737,2009-03-31
,,,,,,,,,,,,,,,,,,,,283858,2009-03-31
,,,,,,,,,,,,,,,,,,,,283867,2009-03-31
,,,,,,,,,,,,,,,,,,,,284154,2009-03-31
,,,,,,,,,,,,,,,,,,,,284239,2009-03-31
,,,,,,,,,,,,,,,,,,,,284248,2009-03-31
,,,,,,,,,,,,,,,,,,,,284332,2009-03-31
,,,,,,,,,,,,,,,,,,,,284408,2009-03-31
,,,,,,,,,,,,,,,,,,,,284556,2009-03-31
,,,,,,,,,,,,,,,,,,,,284819,2009-03-31
,,,,,,,,,,,,,,,,,,,,284958,2009-03-31
,,,,,,,,,,,,,,,,,,,,285151,2009-03-31
,,,,,,,,,,,,,,,,,,,,285348,2009-03-31
,,,,,,,,,,,,,,,,,,,,285544,2009-03-31
,,,,,,,,,,,,,,,,,,,,285553,2009-03-31
,,,,,,,,,,,,,,,,,,,,285740,2009-03-31
,,,,,,,,,,,,,,,,,,,,285759,2009-03-31
,,,,,,,,,,,,,,,,,,,,285777,2009-03-31
,,,,,,,,,,,,,,,,,,,,285852,2009-03-31
,,,,,,,,,,,,,,,,,,,,285928,2009-03-31
,,,,,,,,,,,,,,,,,,,,286251,2009-03-31
,,,,,,,,,,,,,,,,,,,,286457,2009-03-31
,,,,,,,,,,,,,,,,,,,,286840,2009-03-31
,,,,,,,,,,,,,,,,,,,,287007,2009-03-31
,,,,,,,,,,,,,,,,,,,,287342,2009-03-31
,,,,,,,,,,,,,,,,,,,,287351,2009-03-31
,,,,,,,,,,,,,,,,,,,,287539,2009-03-31
,,,,,,,,,,,,,,,,,,,,287650,2009-03-31
,,,,,,,,,,,,,,,,,,,,287856,2009-03-31
,,,,,,,,,,,,,,,,,,,,287922,2009-03-31
,,,,,,,,,,,,,,,,,,,,287959,2009-03-31
,,,,,,,,,,,,,,,,,,,,288152,2009-03-31
,,,,,,,,,,,,,,,,,,,,288358,2009-03-31
,,,,,,,,,,,,,,,,,,,,288376,2009-03-31
,,,,,,,,,,,,,,,,,,,,288853,2009-03-31
,,,,,,,,,,,,,,,,,,,,289056,2009-03-31
,,,,,,,,,,,,,,,,,,,,289225,2009-03-31
,,,,,,,,,,,,,,,,,,,,289449,2009-03-31
,,,,,,,,,,,,,,,,,,,,289515,2009-03-31
,,,,,,,,,,,,,,,,,,,,289702,2009-03-31
,,,,,,,,,,,,,,,,,,,,289739,2009-03-31
,,,,,,,,,,,,,,,,,,,,289757,2009-03-31
,,,,,,,,,,,,,,,,,,,,290052,2009-03-31
,,,,,,,,,,,,,,,,,,,,290230,2009-03-31
,,,,,,,,,,,,,,,,,,,,290249,2009-03-31
,,,,,,,,,,,,,,,,,,,,290838,2009-03-31
,,,,,,,,,,,,,,,,,,,,290922,2009-03-31
,,,,,,,,,,,,,,,,,,,,291059,2009-03-31
,,,,,,,,,,,,,,,,,,,,291152,2009-03-31
,,,,,,,,,,,,,,,,,,,,291273,2009-03-31
,,,,,,,,,,,,,,,,,,,,291330,2009-03-31
,,,,,,,,,,,,,,,,,,,,291611,2009-03-31
,,,,,,,,,,,,,,,,,,,,291732,2009-03-31
,,,,,,,,,,,,,,,,,,,,292234,2009-03-31
,,,,,,,,,,,,,,,,,,,,292467,2009-03-31
,,,,,,,,,,,,,,,,,,,,292524,2009-03-31
,,,,,,,,,,,,,,,,,,,,292850,2009-03-31
,,,,,,,,,,,,,,,,,,,,292908,2009-03-31
,,,,,,,,,,,,,,,,,,,,293053,2009-03-31
,,,,,,,,,,,,,,,,,,,,293352,2009-03-31
,,,,,,,,,,,,,,,,,,,,293437,2009-03-31
,,,,,,,,,,,,,,,,,,,,293651,2009-03-31
,,,,,,,,,,,,,,,,,,,,293754,2009-03-31
,,,,,,,,,,,,,,,,,,,,294023,2009-03-31
,,,,,,,,,,,,,,,,,,,,294153,2009-03-31
,,,,,,,,,,,,,,,,,,,,294256,2009-03-31
,,,,,,,,,,,,,,,,,,,,294564,2009-03-31
,,,,,,,,,,,,,,,,,,,,294751,2009-03-31
,,,,,,,,,,,,,,,,,,,,294779,2009-03-31
,,,,,,,,,,,,,,,,,,,,294827,2009-03-31
,,,,,,,,,,,,,,,,,,,,295011,2009-03-31
,,,,,,,,,,,,,,,,,,,,295057,2009-03-31
,,,,,,,,,,,,,,,,,,,,295637,2009-03-31
,,,,,,,,,,,,,,,,,,,,295646,2009-03-31
,,,,,,,,,,,,,,,,,,,,295758,2009-03-31
,,,,,,,,,,,,,,,,,,,,296438,2009-03-31
,,,,,,,,,,,,,,,,,,,,296456,2009-03-31
,,,,,,,,,,,,,,,,,,,,296559,2009-03-31
,,,,,,,,,,,,,,,,,,,,296755,2009-03-31
,,,,,,,,,,,,,,,,,,,,296858,2009-03-31
,,,,,,,,,,,,,,,,,,,,297051,2009-03-31
,,,,,,,,,,,,,,,,,,,,297257,2009-03-31
,,,,,,,,,,,,,,,,,,,,297453,2009-03-31
,,,,,,,,,,,,,,,,,,,,297547,2009-03-31
,,,,,,,,,,,,,,,,,,,,297631,2009-03-31
,,,,,,,,,,,,,,,,,,,,297761,2009-03-31
,,,,,,,,,,,,,,,,,,,,298049,2009-03-31
,,,,,,,,,,,,,,,,,,,,298218,2009-03-31
,,,,,,,,,,,,,,,,,,,,298245,2009-03-31
,,,,,,,,,,,,,,,,,,,,299046,2009-03-31
,,,,,,,,,,,,,,,,,,,,299251,2009-03-31
,,,,,,,,,,,,,,,,,,,,299644,2009-03-31
,,,,,,,,,,,,,,,,,,,,299653,2009-03-31
,,,,,,,,,,,,,,,,,,,,299868,2009-03-31
,,,,,,,,,,,,,,,,,,,,300009,2009-03-31
,,,,,,,,,,,,,,,,,,,,300036,2009-03-31
,,,,,,,,,,,,,,,,,,,,300063,2009-03-31
,,,,,,,,,,,,,,,,,,,,300157,2009-03-31
,,,,,,,,,,,,,,,,,,,,300250,2009-03-31
,,,,,,,,,,,,,,,,,,,,300353,2009-03-31
,,,,,,,,,,,,,,,,,,,,300456,2009-03-31
,,,,,,,,,,,,,,,,,,,,300531,2009-03-31
,,,,,,,,,,,,,,,,,,,,300933,2009-03-31
,,,,,,,,,,,,,,,,,,,,300942,2009-03-31
,,,,,,,,,,,,,,,,,,,,300960,2009-03-31
,,,,,,,,,,,,,,,,,,,,301640,2009-03-31
,,,,,,,,,,,,,,,,,,,,301800,2009-03-31
,,,,,,,,,,,,,,,,,,,,302030,2009-03-31
,,,,,,,,,,,,,,,,,,,,302133,2009-03-31
,,,,,,,,,,,,,,,,,,,,302450,2009-03-31
,,,,,,,,,,,,,,,,,,,,302553,2009-03-31
,,,,,,,,,,,,,,,,,,,,302656,2009-03-31
,,,,,,,,,,,,,,,,,,,,302665,2009-03-31
,,,,,,,,,,,,,,,,,,,,303550,2009-03-31
,,,,,,,,,,,,,,,,,,,,303653,2009-03-31
,,,,,,,,,,,,,,,,,,,,303701,2009-03-31
,,,,,,,,,,,,,,,,,,,,303747,2009-03-31
,,,,,,,,,,,,,,,,,,,,303952,2009-03-31
,,,,,,,,,,,,,,,,,,,,304155,2009-03-31
,,,,,,,,,,,,,,,,,,,,304173,2009-03-31
,,,,,,,,,,,,,,,,,,,,304520,2009-03-31
,,,,,,,,,,,,,,,,,,,,304762,2009-03-31
,,,,,,,,,,,,,,,,,,,,304913,2009-03-31
,,,,,,,,,,,,,,,,,,,,305059,2009-03-31
,,,,,,,,,,,,,,,,,,,,305152,2009-03-31
,,,,,,,,,,,,,,,,,,,,305237,2009-03-31
,,,,,,,,,,,,,,,,,,,,305433,2009-03-31
,,,,,,,,,,,,,,,,,,,,305442,2009-03-31
,,,,,,,,,,,,,,,,,,,,305648,2009-03-31
,,,,,,,,,,,,,,,,,,,,305750,2009-03-31
,,,,,,,,,,,,,,,,,,,,306056,2009-03-31
,,,,,,,,,,,,,,,,,,,,306140,2009-03-31
,,,,,,,,,,,,,,,,,,,,306159,2009-03-31
,,,,,,,,,,,,,,,,,,,,306337,2009-03-31
,,,,,,,,,,,,,,,,,,,,306739,2009-03-31
,,,,,,,,,,,,,,,,,,,,306908,2009-03-31
,,,,,,,,,,,,,,,,,,,,307062,2009-03-31
,,,,,,,,,,,,,,,,,,,,307334,2009-03-31
,,,,,,,,,,,,,,,,,,,,307361,2009-03-31
,,,,,,,,,,,,,,,,,,,,307679,2009-03-31
,,,,,,,,,,,,,,,,,,,,307745,2009-03-31
,,,,,,,,,,,,,,,,,,,,307932,2009-03-31
,,,,,,,,,,,,,,,,,,,,307950,2009-03-31
,,,,,,,,,,,,,,,,,,,,308256,2009-03-31
,,,,,,,,,,,,,,,,,,,,308340,2009-03-31
,,,,,,,,,,,,,,,,,,,,308443,2009-03-31
,,,,,,,,,,,,,,,,,,,,308649,2009-03-31
,,,,,,,,,,,,,,,,,,,,308836,2009-03-31
,,,,,,,,,,,,,,,,,,,,309150,2009-03-31
,,,,,,,,,,,,,,,,,,,,309570,2009-03-31
,,,,,,,,,,,,,,,,,,,,309655,2009-03-31
,,,,,,,,,,,,,,,,,,,,309851,2009-03-31
,,,,,,,,,,,,,,,,,,,,310437,2009-03-31
,,,,,,,,,,,,,,,,,,,,310727,2009-03-31
,,,,,,,,,,,,,,,,,,,,310754,2009-03-31
,,,,,,,,,,,,,,,,,,,,310875,2009-03-31
,,,,,,,,,,,,,,,,,,,,310950,2009-03-31
,,,,,,,,,,,,,,,,,,,,310978,2009-03-31
,,,,,,,,,,,,,,,,,,,,311050,2009-03-31
,,,,,,,,,,,,,,,,,,,,311144,2009-03-31
,,,,,,,,,,,,,,,,,,,,311256,2009-03-31
,,,,,,,,,,,,,,,,,,,,311265,2009-03-31
,,,,,,,,,,,,,,,,,,,,311452,2009-03-31
,,,,,,,,,,,,,,,,,,,,311603,2009-03-31
,,,,,,,,,,,,,,,,,,,,311649,2009-03-31
,,,,,,,,,,,,,,,,,,,,311658,2009-03-31
,,,,,,,,,,,,,,,,,,,,311845,2009-03-31
,,,,,,,,,,,,,,,,,,,,311939,2009-03-31
,,,,,,,,,,,,,,,,,,,,312244,2009-03-31
,,,,,,,,,,,,,,,,,,,,312356,2009-03-31
,,,,,,,,,,,,,,,,,,,,312730,2009-03-31
,,,,,,,,,,,,,,,,,,,,313009,2009-03-31
,,,,,,,,,,,,,,,,,,,,313157,2009-03-31
,,,,,,,,,,,,,,,,,,,,313223,2009-03-31
,,,,,,,,,,,,,,,,,,,,313241,2009-03-31
,,,,,,,,,,,,,,,,,,,,313401,2009-03-31
,,,,,,,,,,,,,,,,,,,,313531,2009-03-31
,,,,,,,,,,,,,,,,,,,,313577,2009-03-31
,,,,,,,,,,,,,,,,,,,,314033,2009-03-31
,,,,,,,,,,,,,,,,,,,,314257,2009-03-31
,,,,,,,,,,,,,,,,,,,,314444,2009-03-31
,,,,,,,,,,,,,,,,,,,,315339,2009-03-31
,,,,,,,,,,,,,,,,,,,,315357,2009-03-31
,,,,,,,,,,,,,,,,,,,,315629,2009-03-31
,,,,,,,,,,,,,,,,,,,,315656,2009-03-31
,,,,,,,,,,,,,,,,,,,,315674,2009-03-31
,,,,,,,,,,,,,,,,,,,,315852,2009-03-31
,,,,,,,,,,,,,,,,,,,,316354,2009-03-31
,,,,,,,,,,,,,,,,,,,,316840,2009-03-31
,,,,,,,,,,,,,,,,,,,,316859,2009-03-31
,,,,,,,,,,,,,,,,,,,,316934,2009-03-31
,,,,,,,,,,,,,,,,,,,,317100,2009-03-31
,,,,,,,,,,,,,,,,,,,,317258,2009-03-31
,,,,,,,,,,,,,,,,,,,,317342,2009-03-31
,,,,,,,,,,,,,,,,,,,,317650,2009-03-31
,,,,,,,,,,,,,,,,,,,,318639,2009-03-31
,,,,,,,,,,,,,,,,,,,,318835,2009-03-31
,,,,,,,,,,,,,,,,,,,,319047,2009-03-31
,,,,,,,,,,,,,,,,,,,,319458,2009-03-31
,,,,,,,,,,,,,,,,,,,,319542,2009-03-31
,,,,,,,,,,,,,,,,,,,,319551,2009-03-31
,,,,,,,,,,,,,,,,,,,,320034,2009-03-31
,,,,,,,,,,,,,,,,,,,,320052,2009-03-31
,,,,,,,,,,,,,,,,,,,,320070,2009-03-31
,,,,,,,,,,,,,,,,,,,,320119,2009-03-31
,,,,,,,,,,,,,,,,,,,,320155,2009-03-31
,,,,,,,,,,,,,,,,,,,,320856,2009-03-31
,,,,,,,,,,,,,,,,,,,,321152,2009-03-31
,,,,,,,,,,,,,,,,,,,,321255,2009-03-31
,,,,,,,,,,,,,,,,,,,,321330,2009-03-31
,,,,,,,,,,,,,,,,,,,,321947,2009-03-31
,,,,,,,,,,,,,,,,,,,,322056,2009-03-31
,,,,,,,,,,,,,,,,,,,,322449,2009-03-31
,,,,,,,,,,,,,,,,,,,,322476,2009-03-31
,,,,,,,,,,,,,,,,,,,,322551,2009-03-31
,,,,,,,,,,,,,,,,,,,,322757,2009-03-31
,,,,,,,,,,,,,,,,,,,,322850,2009-03-31
,,,,,,,,,,,,,,,,,,,,323035,2009-03-31
,,,,,,,,,,,,,,,,,,,,323204,2009-03-31
,,,,,,,,,,,,,,,,,,,,323651,2009-03-31
,,,,,,,,,,,,,,,,,,,,323718,2009-03-31
,,,,,,,,,,,,,,,,,,,,324153,2009-03-31
,,,,,,,,,,,,,,,,,,,,324229,2009-03-31
,,,,,,,,,,,,,,,,,,,,324256,2009-03-31
,,,,,,,,,,,,,,,,,,,,324274,2009-03-31
,,,,,,,,,,,,,,,,,,,,324340,2009-03-31
,,,,,,,,,,,,,,,,,,,,324649,2009-03-31
,,,,,,,,,,,,,,,,,,,,324854,2009-03-31
,,,,,,,,,,,,,,,,,,,,324863,2009-03-31
,,,,,,,,,,,,,,,,,,,,324975,2009-03-31
,,,,,,,,,,,,,,,,,,,,325141,2009-03-31
,,,,,,,,,,,,,,,,,,,,325459,2009-03-31
,,,,,,,,,,,,,,,,,,,,325534,2009-03-31
,,,,,,,,,,,,,,,,,,,,325824,2009-03-31
,,,,,,,,,,,,,,,,,,,,326054,2009-03-31
,,,,,,,,,,,,,,,,,,,,326344,2009-03-31
,,,,,,,,,,,,,,,,,,,,326858,2009-03-31
,,,,,,,,,,,,,,,,,,,,326979,2009-03-31
,,,,,,,,,,,,,,,,,,,,327015,2009-03-31
,,,,,,,,,,,,,,,,,,,,327220,2009-03-31
,,,,,,,,,,,,,,,,,,,,327305,2009-03-31
,,,,,,,,,,,,,,,,,,,,327435,2009-03-31
,,,,,,,,,,,,,,,,,,,,327453,2009-03-31
,,,,,,,,,,,,,,,,,,,,327556,2009-03-31
,,,,,,,,,,,,,,,,,,,,327855,2009-03-31
,,,,,,,,,,,,,,,,,,,,327949,2009-03-31
,,,,,,,,,,,,,,,,,,,,328058,2009-03-31
,,,,,,,,,,,,,,,,,,,,328151,2009-03-31
,,,,,,,,,,,,,,,,,,,,328357,2009-03-31
,,,,,,,,,,,,,,,,,,,,328423,2009-03-31
,,,,,,,,,,,,,,,,,,,,328450,2009-03-31
,,,,,,,,,,,,,,,,,,,,328553,2009-03-31
,,,,,,,,,,,,,,,,,,,,328656,2009-03-31
,,,,,,,,,,,,,,,,,,,,328777,2009-03-31
,,,,,,,,,,,,,,,,,,,,329149,2009-03-31
,,,,,,,,,,,,,,,,,,,,329345,2009-03-31
,,,,,,,,,,,,,,,,,,,,329550,2009-03-31
,,,,,,,,,,,,,,,,,,,,329756,2009-03-31
,,,,,,,,,,,,,,,,,,,,329952,2009-03-31
,,,,,,,,,,,,,,,,,,,,330239,2009-03-31
,,,,,,,,,,,,,,,,,,,,330248,2009-03-31
,,,,,,,,,,,,,,,,,,,,330453,2009-03-31
,,,,,,,,,,,,,,,,,,,,330855,2009-03-31
,,,,,,,,,,,,,,,,,,,,330873,2009-03-31
,,,,,,,,,,,,,,,,,,,,330949,2009-03-31
,,,,,,,,,,,,,,,,,,,,331375,2009-03-31
,,,,,,,,,,,,,,,,,,,,331544,2009-03-31
,,,,,,,,,,,,,,,,,,,,331553,2009-03-31
,,,,,,,,,,,,,,,,,,,,331713,2009-03-31
,,,,,,,,,,,,,,,,,,,,332055,2009-03-31
,,,,,,,,,,,,,,,,,,,,332224,2009-03-31
,,,,,,,,,,,,,,,,,,,,332345,2009-03-31
,,,,,,,,,,,,,,,,,,,,332402,2009-03-31
,,,,,,,,,,,,,,,,,,,,332756,2009-03-31
,,,,,,,,,,,,,,,,,,,,333034,2009-03-31
,,,,,,,,,,,,,,,,,,,,333052,2009-03-31
,,,,,,,,,,,,,,,,,,,,333203,2009-03-31
,,,,,,,,,,,,,,,,,,,,333650,2009-03-31
,,,,,,,,,,,,,,,,,,,,333856,2009-03-31
,,,,,,,,,,,,,,,,,,,,333940,2009-03-31
,,,,,,,,,,,,,,,,,,,,334255,2009-03-31
,,,,,,,,,,,,,,,,,,,,334264,2009-03-31
,,,,,,,,,,,,,,,,,,,,334648,2009-03-31
,,,,,,,,,,,,,,,,,,,,334657,2009-03-31
,,,,,,,,,,,,,,,,,,,,335346,2009-03-31
,,,,,,,,,,,,,,,,,,,,335355,2009-03-31
,,,,,,,,,,,,,,,,,,,,335757,2009-03-31
,,,,,,,,,,,,,,,,,,,,336147,2009-03-31
,,,,,,,,,,,,,,,,,,,,336361,2009-03-31
,,,,,,,,,,,,,,,,,,,,336576,2009-03-31
,,,,,,,,,,,,,,,,,,,,336950,2009-03-31
,,,,,,,,,,,,,,,,,,,,337247,2009-03-31
,,,,,,,,,,,,,,,,,,,,337340,2009-03-31
,,,,,,,,,,,,,,,,,,,,337733,2009-03-31
,,,,,,,,,,,,,,,,,,,,338178,2009-03-31
,,,,,,,,,,,,,,,,,,,,338646,2009-03-31
,,,,,,,,,,,,,,,,,,,,338758,2009-03-31
,,,,,,,,,,,,,,,,,,,,338851,2009-03-31
,,,,,,,,,,,,,,,,,,,,338945,2009-03-31
,,,,,,,,,,,,,,,,,,,,339054,2009-03-31
,,,,,,,,,,,,,,,,,,,,339353,2009-03-31
,,,,,,,,,,,,,,,,,,,,339456,2009-03-31
,,,,,,,,,,,,,,,,,,,,339607,2009-03-31
,,,,,,,,,,,,,,,,,,,,339773,2009-03-31
,,,,,,,,,,,,,,,,,,,,339858,2009-03-31
,,,,,,,,,,,,,,,,,,,,339951,2009-03-31
,,,,,,,,,,,,,,,,,,,,340135,2009-03-31
,,,,,,,,,,,,,,,,,,,,340144,2009-03-31
,,,,,,,,,,,,,,,,,,,,340256,2009-03-31
,,,,,,,,,,,,,,,,,,,,340443,2009-03-31
,,,,,,,,,,,,,,,,,,,,340555,2009-03-31
,,,,,,,,,,,,,,,,,,,,340649,2009-03-31
,,,,,,,,,,,,,,,,,,,,340742,2009-03-31
,,,,,,,,,,,,,,,,,,,,340751,2009-03-31
,,,,,,,,,,,,,,,,,,,,341178,2009-03-31
,,,,,,,,,,,,,,,,,,,,341851,2009-03-31
,,,,,,,,,,,,,,,,,,,,341954,2009-03-31
,,,,,,,,,,,,,,,,,,,,341972,2009-03-31
,,,,,,,,,,,,,,,,,,,,342054,2009-03-31
,,,,,,,,,,,,,,,,,,,,342175,2009-03-31
,,,,,,,,,,,,,,,,,,,,342362,2009-03-31
,,,,,,,,,,,,,,,,,,,,342410,2009-03-31
,,,,,,,,,,,,,,,,,,,,342634,2009-03-31
,,,,,,,,,,,,,,,,,,,,342643,2009-03-31
,,,,,,,,,,,,,,,,,,,,343051,2009-03-31
,,,,,,,,,,,,,,,,,,,,343248,2009-03-31
,,,,,,,,,,,,,,,,,,,,343257,2009-03-31
,,,,,,,,,,,,,,,,,,,,343341,2009-03-31
,,,,,,,,,,,,,,,,,,,,343770,2009-03-31
,,,,,,,,,,,,,,,,,,,,343903,2009-03-31
,,,,,,,,,,,,,,,,,,,,343958,2009-03-31
,,,,,,,,,,,,,,,,,,,,344236,2009-03-31
,,,,,,,,,,,,,,,,,,,,344647,2009-03-31
,,,,,,,,,,,,,,,,,,,,344816,2009-03-31
,,,,,,,,,,,,,,,,,,,,344852,2009-03-31
,,,,,,,,,,,,,,,,,,,,345149,2009-03-31
,,,,,,,,,,,,,,,,,,,,345309,2009-03-31
,,,,,,,,,,,,,,,,,,,,345345,2009-03-31
,,,,,,,,,,,,,,,,,,,,345747,2009-03-31
,,,,,,,,,,,,,,,,,,,,345756,2009-03-31
,,,,,,,,,,,,,,,,,,,,346566,2009-03-31
,,,,,,,,,,,,,,,,,,,,347022,2009-03-31
,,,,,,,,,,,,,,,,,,,,347639,2009-03-31
,,,,,,,,,,,,,,,,,,,,347657,2009-03-31
,,,,,,,,,,,,,,,,,,,,347956,2009-03-31
,,,,,,,,,,,,,,,,,,,,348159,2009-03-31
,,,,,,,,,,,,,,,,,,,,348207,2009-03-31
,,,,,,,,,,,,,,,,,,,,348458,2009-03-31
,,,,,,,,,,,,,,,,,,,,348542,2009-03-31
,,,,,,,,,,,,,,,,,,,,348551,2009-03-31
,,,,,,,,,,,,,,,,,,,,348720,2009-03-31
,,,,,,,,,,,,,,,,,,,,348748,2009-03-31
,,,,,,,,,,,,,,,,,,,,349129,2009-03-31
,,,,,,,,,,,,,,,,,,,,349165,2009-03-31
,,,,,,,,,,,,,,,,,,,,349343,2009-03-31
,,,,,,,,,,,,,,,,,,,,349370,2009-03-31
,,,,,,,,,,,,,,,,,,,,350657,2009-03-31
,,,,,,,,,,,,,,,,,,,,350750,2009-03-31
,,,,,,,,,,,,,,,,,,,,351131,2009-03-31
,,,,,,,,,,,,,,,,,,,,351207,2009-03-31
,,,,,,,,,,,,,,,,,,,,351560,2009-03-31
,,,,,,,,,,,,,,,,,,,,351850,2009-03-31
,,,,,,,,,,,,,,,,,,,,352035,2009-03-31
,,,,,,,,,,,,,,,,,,,,352651,2009-03-31
,,,,,,,,,,,,,,,,,,,,352745,2009-03-31
,,,,,,,,,,,,,,,,,,,,352772,2009-03-31
,,,,,,,,,,,,,,,,,,,,352820,2009-03-31
,,,,,,,,,,,,,,,,,,,,353069,2009-03-31
,,,,,,,,,,,,,,,,,,,,353238,2009-03-31
,,,,,,,,,,,,,,,,,,,,353359,2009-03-31
,,,,,,,,,,,,,,,,,,,,353546,2009-03-31
,,,,,,,,,,,,,,,,,,,,353555,2009-03-31
,,,,,,,,,,,,,,,,,,,,353724,2009-03-31
,,,,,,,,,,,,,,,,,,,,353751,2009-03-31
,,,,,,,,,,,,,,,,,,,,353957,2009-03-31
,,,,,,,,,,,,,,,,,,,,354057,2009-03-31
,,,,,,,,,,,,,,,,,,,,354253,2009-03-31
,,,,,,,,,,,,,,,,,,,,354310,2009-03-31
,,,,,,,,,,,,,,,,,,,,354552,2009-03-31
,,,,,,,,,,,,,,,,,,,,354851,2009-03-31
,,,,,,,,,,,,,,,,,,,,354954,2009-03-31
,,,,,,,,,,,,,,,,,,,,355120,2009-03-31
,,,,,,,,,,,,,,,,,,,,355559,2009-03-31
,,,,,,,,,,,,,,,,,,,,355737,2009-03-31
,,,,,,,,,,,,,,,,,,,,355746,2009-03-31
,,,,,,,,,,,,,,,,,,,,355821,2009-03-31
,,,,,,,,,,,,,,,,,,,,355858,2009-03-31
,,,,,,,,,,,,,,,,,,,,356145,2009-03-31
,,,,,,,,,,,,,,,,,,,,356239,2009-03-31
,,,,,,,,,,,,,,,,,,,,356659,2009-03-31
,,,,,,,,,,,,,,,,,,,,356752,2009-03-31
,,,,,,,,,,,,,,,,,,,,356949,2009-03-31
,,,,,,,,,,,,,,,,,,,,357049,2009-03-31
,,,,,,,,,,,,,,,,,,,,357151,2009-03-31
,,,,,,,,,,,,,,,,,,,,357375,2009-03-31
,,,,,,,,,,,,,,,,,,,,357526,2009-03-31
,,,,,,,,,,,,,,,,,,,,357553,2009-03-31
,,,,,,,,,,,,,,,,,,,,357777,2009-03-31
,,,,,,,,,,,,,,,,,,,,357834,2009-03-31
,,,,,,,,,,,,,,,,,,,,357937,2009-03-31
,,,,,,,,,,,,,,,,,,,,358112,2009-03-31
,,,,,,,,,,,,,,,,,,,,358149,2009-03-31
,,,,,,,,,,,,,,,,,,,,358233,2009-03-31
,,,,,,,,,,,,,,,,,,,,358448,2009-03-31
,,,,,,,,,,,,,,,,,,,,358756,2009-03-31
,,,,,,,,,,,,,,,,,,,,359324,2009-03-31
,,,,,,,,,,,,,,,,,,,,359360,2009-03-31
,,,,,,,,,,,,,,,,,,,,359650,2009-03-31
,,,,,,,,,,,,,,,,,,,,359744,2009-03-31
,,,,,,,,,,,,,,,,,,,,359838,2009-03-31
,,,,,,,,,,,,,,,,,,,,359847,2009-03-31
,,,,,,,,,,,,,,,,,,,,359856,2009-03-31
,,,,,,,,,,,,,,,,,,,,360777,2009-03-31
,,,,,,,,,,,,,,,,,,,,360843,2009-03-31
,,,,,,,,,,,,,,,,,,,,360955,2009-03-31
,,,,,,,,,,,,,,,,,,,,361055,2009-03-31
,,,,,,,,,,,,,,,,,,,,361167,2009-03-31
,,,,,,,,,,,,,,,,,,,,361279,2009-03-31
,,,,,,,,,,,,,,,,,,,,361354,2009-03-31
,,,,,,,,,,,,,,,,,,,,361439,2009-03-31
,,,,,,,,,,,,,,,,,,,,361457,2009-03-31
,,,,,,,,,,,,,,,,,,,,361653,2009-03-31
,,,,,,,,,,,,,,,,,,,,362007,2009-03-31
,,,,,,,,,,,,,,,,,,,,362043,2009-03-31
,,,,,,,,,,,,,,,,,,,,362052,2009-03-31
,,,,,,,,,,,,,,,,,,,,362155,2009-03-31
,,,,,,,,,,,,,,,,,,,,362717,2009-03-31
,,,,,,,,,,,,,,,,,,,,362753,2009-03-31
,,,,,,,,,,,,,,,,,,,,362856,2009-03-31
,,,,,,,,,,,,,,,,,,,,362940,2009-03-31
,,,,,,,,,,,,,,,,,,,,363264,2009-03-31
,,,,,,,,,,,,,,,,,,,,363442,2009-03-31
,,,,,,,,,,,,,,,,,,,,363648,2009-03-31
,,,,,,,,,,,,,,,,,,,,363657,2009-03-31
,,,,,,,,,,,,,,,,,,,,364131,2009-03-31
,,,,,,,,,,,,,,,,,,,,364337,2009-03-31
,,,,,,,,,,,,,,,,,,,,364430,2009-03-31
,,,,,,,,,,,,,,,,,,,,364449,2009-03-31
,,,,,,,,,,,,,,,,,,,,364850,2009-03-31
,,,,,,,,,,,,,,,,,,,,365325,2009-03-31
,,,,,,,,,,,,,,,,,,,,365455,2009-03-31
,,,,,,,,,,,,,,,,,,,,365651,2009-03-31
,,,,,,,,,,,,,,,,,,,,365745,2009-03-31
,,,,,,,,,,,,,,,,,,,,365848,2009-03-31
,,,,,,,,,,,,,,,,,,,,365875,2009-03-31
,,,,,,,,,,,,,,,,,,,,365950,2009-03-31
,,,,,,,,,,,,,,,,,,,,366078,2009-03-31
,,,,,,,,,,,,,,,,,,,,366238,2009-03-31
,,,,,,,,,,,,,,,,,,,,366247,2009-03-31
,,,,,,,,,,,,,,,,,,,,366359,2009-03-31
,,,,,,,,,,,,,,,,,,,,366658,2009-03-31
,,,,,,,,,,,,,,,,,,,,366854,2009-03-31
,,,,,,,,,,,,,,,,,,,,367150,2009-03-31
,,,,,,,,,,,,,,,,,,,,367244,2009-03-31
,,,,,,,,,,,,,,,,,,,,367431,2009-03-31
,,,,,,,,,,,,,,,,,,,,367543,2009-03-31
,,,,,,,,,,,,,,,,,,,,367851,2009-03-31
,,,,,,,,,,,,,,,,,,,,367954,2009-03-31
,,,,,,,,,,,,,,,,,,,,368054,2009-03-31
,,,,,,,,,,,,,,,,,,,,368111,2009-03-31
,,,,,,,,,,,,,,,,,,,,368175,2009-03-31
,,,,,,,,,,,,,,,,,,,,368344,2009-03-31
,,,,,,,,,,,,,,,,,,,,368429,2009-03-31
,,,,,,,,,,,,,,,,,,,,368522,2009-03-31
,,,,,,,,,,,,,,,,,,,,368755,2009-03-31
,,,,,,,,,,,,,,,,,,,,368933,2009-03-31
,,,,,,,,,,,,,,,,,,,,368951,2009-03-31
,,,,,,,,,,,,,,,,,,,,369453,2009-03-31
,,,,,,,,,,,,,,,,,,,,369659,2009-03-31
,,,,,,,,,,,,,,,,,,,,370020,2009-03-31
,,,,,,,,,,,,,,,,,,,,370150,2009-03-31
,,,,,,,,,,,,,,,,,,,,370338,2009-03-31
,,,,,,,,,,,,,,,,,,,,370347,2009-03-31
,,,,,,,,,,,,,,,,,,,,370721,2009-03-31
,,,,,,,,,,,,,,,,,,,,370758,2009-03-31
,,,,,,,,,,,,,,,,,,,,370833,2009-03-31
,,,,,,,,,,,,,,,,,,,,370954,2009-03-31
,,,,,,,,,,,,,,,,,,,,371223,2009-03-31
,,,,,,,,,,,,,,,,,,,,371232,2009-03-31
,,,,,,,,,,,,,,,,,,,,371353,2009-03-31
,,,,,,,,,,,,,,,,,,,,371362,2009-03-31
,,,,,,,,,,,,,,,,,,,,371559,2009-03-31
,,,,,,,,,,,,,,,,,,,,371755,2009-03-31
,,,,,,,,,,,,,,,,,,,,371849,2009-03-31
,,,,,,,,,,,,,,,,,,,,371858,2009-03-31
,,,,,,,,,,,,,,,,,,,,371924,2009-03-31
,,,,,,,,,,,,,,,,,,,,371942,2009-03-31
,,,,,,,,,,,,,,,,,,,,372248,2009-03-31
,,,,,,,,,,,,,,,,,,,,372257,2009-03-31
,,,,,,,,,,,,,,,,,,,,372444,2009-03-31
,,,,,,,,,,,,,,,,,,,,372538,2009-03-31
,,,,,,,,,,,,,,,,,,,,372556,2009-03-31
,,,,,,,,,,,,,,,,,,,,372640,2009-03-31
,,,,,,,,,,,,,,,,,,,,372855,2009-03-31
,,,,,,,,,,,,,,,,,,,,373058,2009-03-31
,,,,,,,,,,,,,,,,,,,,373115,2009-03-31
,,,,,,,,,,,,,,,,,,,,373272,2009-03-31
,,,,,,,,,,,,,,,,,,,,373553,2009-03-31
,,,,,,,,,,,,,,,,,,,,373601,2009-03-31
,,,,,,,,,,,,,,,,,,,,374130,2009-03-31
,,,,,,,,,,,,,,,,,,,,374354,2009-03-31
,,,,,,,,,,,,,,,,,,,,374653,2009-03-31
,,,,,,,,,,,,,,,,,,,,374774,2009-03-31
,,,,,,,,,,,,,,,,,,,,375034,2009-03-31
,,,,,,,,,,,,,,,,,,,,375043,2009-03-31
,,,,,,,,,,,,,,,,,,,,375155,2009-03-31
,,,,,,,,,,,,,,,,,,,,375502,2009-03-31
,,,,,,,,,,,,,,,,,,,,375566,2009-03-31
,,,,,,,,,,,,,,,,,,,,375650,2009-03-31
,,,,,,,,,,,,,,,,,,,,376068,2009-03-31
,,,,,,,,,,,,,,,,,,,,376125,2009-03-31
,,,,,,,,,,,,,,,,,,,,376237,2009-03-31
,,,,,,,,,,,,,,,,,,,,376433,2009-03-31
,,,,,,,,,,,,,,,,,,,,376442,2009-03-31
,,,,,,,,,,,,,,,,,,,,376657,2009-03-31
,,,,,,,,,,,,,,,,,,,,376947,2009-03-31
,,,,,,,,,,,,,,,,,,,,377663,2009-03-31
,,,,,,,,,,,,,,,,,,,,377850,2009-03-31
,,,,,,,,,,,,,,,,,,,,377908,2009-03-31
,,,,,,,,,,,,,,,,,,,,378026,2009-03-31
,,,,,,,,,,,,,,,,,,,,378044,2009-03-31
,,,,,,,,,,,,,,,,,,,,378110,2009-03-31
,,,,,,,,,,,,,,,,,,,,378549,2009-03-31
,,,,,,,,,,,,,,,,,,,,378558,2009-03-31
,,,,,,,,,,,,,,,,,,,,378642,2009-03-31
,,,,,,,,,,,,,,,,,,,,378651,2009-03-31
,,,,,,,,,,,,,,,,,,,,378950,2009-03-31
,,,,,,,,,,,,,,,,,,,,379050,2009-03-31
,,,,,,,,,,,,,,,,,,,,379153,2009-03-31
,,,,,,,,,,,,,,,,,,,,379359,2009-03-31
,,,,,,,,,,,,,,,,,,,,379470,2009-03-31
,,,,,,,,,,,,,,,,,,,,379649,2009-03-31
,,,,,,,,,,,,,,,,,,,,379920,2009-03-31
,,,,,,,,,,,,,,,,,,,,380346,2009-03-31
,,,,,,,,,,,,,,,,,,,,380458,2009-03-31
,,,,,,,,,,,,,,,,,,,,380533,2009-03-31
,,,,,,,,,,,,,,,,,,,,380654,2009-03-31
,,,,,,,,,,,,,,,,,,,,380841,2009-03-31
,,,,,,,,,,,,,,,,,,,,380944,2009-03-31
,,,,,,,,,,,,,,,,,,,,381026,2009-03-31
,,,,,,,,,,,,,,,,,,,,381343,2009-03-31
,,,,,,,,,,,,,,,,,,,,381754,2009-03-31
,,,,,,,,,,,,,,,,,,,,381839,2009-03-31
,,,,,,,,,,,,,,,,,,,,381950,2009-03-31
,,,,,,,,,,,,,,,,,,,,382050,2009-03-31
,,,,,,,,,,,,,,,,,,,,382069,2009-03-31
,,,,,,,,,,,,,,,,,,,,382256,2009-03-31
,,,,,,,,,,,,,,,,,,,,382443,2009-03-31
,,,,,,,,,,,,,,,,,,,,382537,2009-03-31
,,,,,,,,,,,,,,,,,,,,382649,2009-03-31
,,,,,,,,,,,,,,,,,,,,382658,2009-03-31
,,,,,,,,,,,,,,,,,,,,382667,2009-03-31
,,,,,,,,,,,,,,,,,,,,382742,2009-03-31
,,,,,,,,,,,,,,,,,,,,382854,2009-03-31
,,,,,,,,,,,,,,,,,,,,383534,2009-03-31
,,,,,,,,,,,,,,,,,,,,384018,2009-03-31
,,,,,,,,,,,,,,,,,,,,384335,2009-03-31
,,,,,,,,,,,,,,,,,,,,384353,2009-03-31
,,,,,,,,,,,,,,,,,,,,384652,2009-03-31
,,,,,,,,,,,,,,,,,,,,384830,2009-03-31
,,,,,,,,,,,,,,,,,,,,385350,2009-03-31
,,,,,,,,,,,,,,,,,,,,385547,2009-03-31
,,,,,,,,,,,,,,,,,,,,385631,2009-03-31
,,,,,,,,,,,,,,,,,,,,386049,2009-03-31
,,,,,,,,,,,,,,,,,,,,386142,2009-03-31
,,,,,,,,,,,,,,,,,,,,386357,2009-03-31
,,,,,,,,,,,,,,,,,,,,386432,2009-03-31
,,,,,,,,,,,,,,,,,,,,386450,2009-03-31
,,,,,,,,,,,,,,,,,,,,386731,2009-03-31
,,,,,,,,,,,,,,,,,,,,386825,2009-03-31
,,,,,,,,,,,,,,,,,,,,386852,2009-03-31
,,,,,,,,,,,,,,,,,,,,387055,2009-03-31
,,,,,,,,,,,,,,,,,,,,388155,2009-03-31
,,,,,,,,,,,,,,,,,,,,388258,2009-03-31
,,,,,,,,,,,,,,,,,,,,388557,2009-03-31
,,,,,,,,,,,,,,,,,,,,388744,2009-03-31
,,,,,,,,,,,,,,,,,,,,388753,2009-03-31
,,,,,,,,,,,,,,,,,,,,388940,2009-03-31
,,,,,,,,,,,,,,,,,,,,389059,2009-03-31
,,,,,,,,,,,,,,,,,,,,389358,2009-03-31
,,,,,,,,,,,,,,,,,,,,389826,2009-03-31
,,,,,,,,,,,,,,,,,,,,390167,2009-03-31
,,,,,,,,,,,,,,,,,,,,390336,2009-03-31
,,,,,,,,,,,,,,,,,,,,390457,2009-03-31
,,,,,,,,,,,,,,,,,,,,390840,2009-03-31
,,,,,,,,,,,,,,,,,,,,391418,2009-03-31
,,,,,,,,,,,,,,,,,,,,391557,2009-03-31
,,,,,,,,,,,,,,,,,,,,391838,2009-03-31
,,,,,,,,,,,,,,,,,,,,391959,2009-03-31
,,,,,,,,,,,,,,,,,,,,391977,2009-03-31
,,,,,,,,,,,,,,,,,,,,392031,2009-03-31
,,,,,,,,,,,,,,,,,,,,392152,2009-03-31
,,,,,,,,,,,,,,,,,,,,392255,2009-03-31
,,,,,,,,,,,,,,,,,,,,392778,2009-03-31
,,,,,,,,,,,,,,,,,,,,393252,2009-03-31
,,,,,,,,,,,,,,,,,,,,393355,2009-03-31
,,,,,,,,,,,,,,,,,,,,393757,2009-03-31
,,,,,,,,,,,,,,,,,,,,393850,2009-03-31
,,,,,,,,,,,,,,,,,,,,393953,2009-03-31
,,,,,,,,,,,,,,,,,,,,394156,2009-03-31
,,,,,,,,,,,,,,,,,,,,394259,2009-03-31
,,,,,,,,,,,,,,,,,,,,394352,2009-03-31
,,,,,,,,,,,,,,,,,,,,395238,2009-03-31
,,,,,,,,,,,,,,,,,,,,395256,2009-03-31
,,,,,,,,,,,,,,,,,,,,395779,2009-03-31
,,,,,,,,,,,,,,,,,,,,395836,2009-03-31
,,,,,,,,,,,,,,,,,,,,396057,2009-03-31
,,,,,,,,,,,,,,,,,,,,396244,2009-03-31
,,,,,,,,,,,,,,,,,,,,396253,2009-03-31
,,,,,,,,,,,,,,,,,,,,396356,2009-03-31
,,,,,,,,,,,,,,,,,,,,396954,2009-03-31
,,,,,,,,,,,,,,,,,,,,397447,2009-03-31
,,,,,,,,,,,,,,,,,,,,397456,2009-03-31
,,,,,,,,,,,,,,,,,,,,397531,2009-03-31
,,,,,,,,,,,,,,,,,,,,397540,2009-03-31
,,,,,,,,,,,,,,,,,,,,397559,2009-03-31
,,,,,,,,,,,,,,,,,,,,397755,2009-03-31
,,,,,,,,,,,,,,,,,,,,397858,2009-03-31
,,,,,,,,,,,,,,,,,,,,398051,2009-03-31
,,,,,,,,,,,,,,,,,,,,398248,2009-03-31
,,,,,,,,,,,,,,,,,,,,398350,2009-03-31
,,,,,,,,,,,,,,,,,,,,398631,2009-03-31
,,,,,,,,,,,,,,,,,,,,398668,2009-03-31
,,,,,,,,,,,,,,,,,,,,398837,2009-03-31
,,,,,,,,,,,,,,,,,,,,399357,2009-03-31
,,,,,,,,,,,,,,,,,,,,399517,2009-03-31
,,,,,,,,,,,,,,,,,,,,399731,2009-03-31
,,,,,,,,,,,,,,,,,,,,400057,2009-03-31
,,,,,,,,,,,,,,,,,,,,400141,2009-03-31
,,,,,,,,,,,,,,,,,,,,400253,2009-03-31
,,,,,,,,,,,,,,,,,,,,400365,2009-03-31
,,,,,,,,,,,,,,,,,,,,400552,2009-03-31
,,,,,,,,,,,,,,,,,,,,400758,2009-03-31
,,,,,,,,,,,,,,,,,,,,400767,2009-03-31
,,,,,,,,,,,,,,,,,,,,400945,2009-03-31
,,,,,,,,,,,,,,,,,,,,401148,2009-03-31
,,,,,,,,,,,,,,,,,,,,401447,2009-03-31
,,,,,,,,,,,,,,,,,,,,401559,2009-03-31
,,,,,,,,,,,,,,,,,,,,401755,2009-03-31
,,,,,,,,,,,,,,,,,,,,401906,2009-03-31
,,,,,,,,,,,,,,,,,,,,401951,2009-03-31
,,,,,,,,,,,,,,,,,,,,402172,2009-03-31
,,,,,,,,,,,,,,,,,,,,402462,2009-03-31
,,,,,,,,,,,,,,,,,,,,402837,2009-03-31
,,,,,,,,,,,,,,,,,,,,402846,2009-03-31
,,,,,,,,,,,,,,,,,,,,403067,2009-03-31
,,,,,,,,,,,,,,,,,,,,403106,2009-03-31
,,,,,,,,,,,,,,,,,,,,403151,2009-03-31
,,,,,,,,,,,,,,,,,,,,403254,2009-03-31
,,,,,,,,,,,,,,,,,,,,403348,2009-03-31
,,,,,,,,,,,,,,,,,,,,403357,2009-03-31
,,,,,,,,,,,,,,,,,,,,403656,2009-03-31
,,,,,,,,,,,,,,,,,,,,403937,2009-03-31
,,,,,,,,,,,,,,,,,,,,403946,2009-03-31
,,,,,,,,,,,,,,,,,,,,404653,2009-03-31
,,,,,,,,,,,,,,,,,,,,404774,2009-03-31
,,,,,,,,,,,,,,,,,,,,404943,2009-03-31
,,,,,,,,,,,,,,,,,,,,405641,2009-03-31
,,,,,,,,,,,,,,,,,,,,405959,2009-03-31
,,,,,,,,,,,,,,,,,,,,406022,2009-03-31
,,,,,,,,,,,,,,,,,,,,406059,2009-03-31
,,,,,,,,,,,,,,,,,,,,406666,2009-03-31
,,,,,,,,,,,,,,,,,,,,406974,2009-03-31
,,,,,,,,,,,,,,,,,,,,407168,2009-03-31
,,,,,,,,,,,,,,,,,,,,407506,2009-03-31
,,,,,,,,,,,,,,,,,,,,407645,2009-03-31
,,,,,,,,,,,,,,,,,,,,407850,2009-03-31
,,,,,,,,,,,,,,,,,,,,408147,2009-03-31
,,,,,,,,,,,,,,,,,,,,408307,2009-03-31
,,,,,,,,,,,,,,,,,,,,408642,2009-03-31
,,,,,,,,,,,,,,,,,,,,409265,2009-03-31
,,,,,,,,,,,,,,,,,,,,409555,2009-03-31
,,,,,,,,,,,,,,,,,,,,409649,2009-03-31
,,,,,,,,,,,,,,,,,,,,410159,2009-03-31
,,,,,,,,,,,,,,,,,,,,410560,2009-03-31
,,,,,,,,,,,,,,,,,,,,410748,2009-03-31
,,,,,,,,,,,,,,,,,,,,410917,2009-03-31
,,,,,,,,,,,,,,,,,,,,410944,2009-03-31
,,,,,,,,,,,,,,,,,,,,411053,2009-03-31
,,,,,,,,,,,,,,,,,,,,411062,2009-03-31
,,,,,,,,,,,,,,,,,,,,411231,2009-03-31
,,,,,,,,,,,,,,,,,,,,411240,2009-03-31
,,,,,,,,,,,,,,,,,,,,411512,2009-03-31
,,,,,,,,,,,,,,,,,,,,411549,2009-03-31
,,,,,,,,,,,,,,,,,,,,411576,2009-03-31
,,,,,,,,,,,,,,,,,,,,411624,2009-03-31
,,,,,,,,,,,,,,,,,,,,411651,2009-03-31
,,,,,,,,,,,,,,,,,,,,412135,2009-03-31
,,,,,,,,,,,,,,,,,,,,412153,2009-03-31
,,,,,,,,,,,,,,,,,,,,412452,2009-03-31
,,,,,,,,,,,,,,,,,,,,412555,2009-03-31
,,,,,,,,,,,,,,,,,,,,412667,2009-03-31
,,,,,,,,,,,,,,,,,,,,412751,2009-03-31
,,,,,,,,,,,,,,,,,,,,412845,2009-03-31
,,,,,,,,,,,,,,,,,,,,413141,2009-03-31
,,,,,,,,,,,,,,,,,,,,413208,2009-03-31
,,,,,,,,,,,,,,,,,,,,413347,2009-03-31
,,,,,,,,,,,,,,,,,,,,413543,2009-03-31
,,,,,,,,,,,,,,,,,,,,413646,2009-03-31
,,,,,,,,,,,,,,,,,,,,413730,2009-03-31
,,,,,,,,,,,,,,,,,,,,413758,2009-03-31
,,,,,,,,,,,,,,,,,,,,413851,2009-03-31
,,,,,,,,,,,,,,,,,,,,414102,2009-03-31
,,,,,,,,,,,,,,,,,,,,414652,2009-03-31
,,,,,,,,,,,,,,,,,,,,414764,2009-03-31
,,,,,,,,,,,,,,,,,,,,414858,2009-03-31
,,,,,,,,,,,,,,,,,,,,415855,2009-03-31
,,,,,,,,,,,,,,,,,,,,416245,2009-03-31
,,,,,,,,,,,,,,,,,,,,416272,2009-03-31
,,,,,,,,,,,,,,,,,,,,416339,2009-03-31
,,,,,,,,,,,,,,,,,,,,416348,2009-03-31
,,,,,,,,,,,,,,,,,,,,416357,2009-03-31
,,,,,,,,,,,,,,,,,,,,416656,2009-03-31
,,,,,,,,,,,,,,,,,,,,416674,2009-03-31
,,,,,,,,,,,,,,,,,,,,417149,2009-03-31
,,,,,,,,,,,,,,,,,,,,417251,2009-03-31
,,,,,,,,,,,,,,,,,,,,417626,2009-03-31
,,,,,,,,,,,,,,,,,,,,417710,2009-03-31
,,,,,,,,,,,,,,,,,,,,417859,2009-03-31
,,,,,,,,,,,,,,,,,,,,418100,2009-03-31
,,,,,,,,,,,,,,,,,,,,418249,2009-03-31
,,,,,,,,,,,,,,,,,,,,418342,2009-03-31
,,,,,,,,,,,,,,,,,,,,418436,2009-03-31
,,,,,,,,,,,,,,,,,,,,418856,2009-03-31
,,,,,,,,,,,,,,,,,,,,419255,2009-03-31
,,,,,,,,,,,,,,,,,,,,419406,2009-03-31
,,,,,,,,,,,,,,,,,,,,419460,2009-03-31
,,,,,,,,,,,,,,,,,,,,419675,2009-03-31
,,,,,,,,,,,,,,,,,,,,419947,2009-03-31
,,,,,,,,,,,,,,,,,,,,420457,2009-03-31
,,,,,,,,,,,,,,,,,,,,420644,2009-03-31
,,,,,,,,,,,,,,,,,,,,420653,2009-03-31
,,,,,,,,,,,,,,,,,,,,420934,2009-03-31
,,,,,,,,,,,,,,,,,,,,421155,2009-03-31
,,,,,,,,,,,,,,,,,,,,421445,2009-03-31
,,,,,,,,,,,,,,,,,,,,421539,2009-03-31
,,,,,,,,,,,,,,,,,,,,422059,2009-03-31
,,,,,,,,,,,,,,,,,,,,422116,2009-03-31
,,,,,,,,,,,,,,,,,,,,422358,2009-03-31
,,,,,,,,,,,,,,,,,,,,422433,2009-03-31
,,,,,,,,,,,,,,,,,,,,422657,2009-03-31
,,,,,,,,,,,,,,,,,,,,423065,2009-03-31
,,,,,,,,,,,,,,,,,,,,423074,2009-03-31
,,,,,,,,,,,,,,,,,,,,423159,2009-03-31
,,,,,,,,,,,,,,,,,,,,423449,2009-03-31
,,,,,,,,,,,,,,,,,,,,423458,2009-03-31
,,,,,,,,,,,,,,,,,,,,423636,2009-03-31
,,,,,,,,,,,,,,,,,,,,423739,2009-03-31
,,,,,,,,,,,,,,,,,,,,423841,2009-03-31
,,,,,,,,,,,,,,,,,,,,424156,2009-03-31
,,,,,,,,,,,,,,,,,,,,424240,2009-03-31
,,,,,,,,,,,,,,,,,,,,424343,2009-03-31
,,,,,,,,,,,,,,,,,,,,424352,2009-03-31
,,,,,,,,,,,,,,,,,,,,424437,2009-03-31
,,,,,,,,,,,,,,,,,,,,424633,2009-03-31
,,,,,,,,,,,,,,,,,,,,425050,2009-03-31
,,,,,,,,,,,,,,,,,,,,425108,2009-03-31
,,,,,,,,,,,,,,,,,,,,425818,2009-03-31
,,,,,,,,,,,,,,,,,,,,425845,2009-03-31
,,,,,,,,,,,,,,,,,,,,425911,2009-03-31
,,,,,,,,,,,,,,,,,,,,425957,2009-03-31
,,,,,,,,,,,,,,,,,,,,425975,2009-03-31
,,,,,,,,,,,,,,,,,,,,426057,2009-03-31
,,,,,,,,,,,,,,,,,,,,426141,2009-03-31
,,,,,,,,,,,,,,,,,,,,426347,2009-03-31
,,,,,,,,,,,,,,,,,,,,426534,2009-03-31
,,,,,,,,,,,,,,,,,,,,426758,2009-03-31
,,,,,,,,,,,,,,,,,,,,426945,2009-03-31
,,,,,,,,,,,,,,,,,,,,427241,2009-03-31
,,,,,,,,,,,,,,,,,,,,427353,2009-03-31
,,,,,,,,,,,,,,,,,,,,427456,2009-03-31
,,,,,,,,,,,,,,,,,,,,427858,2009-03-31
,,,,,,,,,,,,,,,,,,,,427960,2009-03-31
,,,,,,,,,,,,,,,,,,,,428060,2009-03-31
,,,,,,,,,,,,,,,,,,,,428462,2009-03-31
,,,,,,,,,,,,,,,,,,,,428547,2009-03-31
,,,,,,,,,,,,,,,,,,,,428631,2009-03-31
,,,,,,,,,,,,,,,,,,,,428659,2009-03-31
,,,,,,,,,,,,,,,,,,,,428855,2009-03-31
,,,,,,,,,,,,,,,,,,,,428958,2009-03-31
,,,,,,,,,,,,,,,,,,,,429021,2009-03-31
,,,,,,,,,,,,,,,,,,,,429759,2009-03-31
,,,,,,,,,,,,,,,,,,,,430036,2009-03-31
,,,,,,,,,,,,,,,,,,,,430054,2009-03-31
,,,,,,,,,,,,,,,,,,,,430344,2009-03-31
,,,,,,,,,,,,,,,,,,,,430670,2009-03-31
,,,,,,,,,,,,,,,,,,,,430858,2009-03-31
,,,,,,,,,,,,,,,,,,,,431172,2009-03-31
,,,,,,,,,,,,,,,,,,,,431323,2009-03-31
,,,,,,,,,,,,,,,,,,,,431350,2009-03-31
,,,,,,,,,,,,,,,,,,,,431743,2009-03-31
,,,,,,,,,,,,,,,,,,,,431846,2009-03-31
,,,,,,,,,,,,,,,,,,,,431958,2009-03-31
,,,,,,,,,,,,,,,,,,,,432012,2009-03-31
,,,,,,,,,,,,,,,,,,,,432058,2009-03-31
,,,,,,,,,,,,,,,,,,,,432432,2009-03-31
,,,,,,,,,,,,,,,,,,,,433158,2009-03-31
,,,,,,,,,,,,,,,,,,,,433354,2009-03-31
,,,,,,,,,,,,,,,,,,,,433439,2009-03-31
,,,,,,,,,,,,,,,,,,,,433505,2009-03-31
,,,,,,,,,,,,,,,,,,,,433550,2009-03-31
,,,,,,,,,,,,,,,,,,,,433608,2009-03-31
,,,,,,,,,,,,,,,,,,,,433859,2009-03-31
,,,,,,,,,,,,,,,,,,,,433943,2009-03-31
,,,,,,,,,,,,,,,,,,,,434203,2009-03-31
,,,,,,,,,,,,,,,,,,,,434539,2009-03-31
,,,,,,,,,,,,,,,,,,,,435059,2009-03-31
,,,,,,,,,,,,,,,,,,,,435152,2009-03-31
,,,,,,,,,,,,,,,,,,,,435255,2009-03-31
,,,,,,,,,,,,,,,,,,,,435349,2009-03-31
,,,,,,,,,,,,,,,,,,,,435358,2009-03-31
,,,,,,,,,,,,,,,,,,,,435666,2009-03-31
,,,,,,,,,,,,,,,,,,,,435750,2009-03-31
,,,,,,,,,,,,,,,,,,,,436131,2009-03-31
,,,,,,,,,,,,,,,,,,,,436159,2009-03-31
,,,,,,,,,,,,,,,,,,,,436542,2009-03-31
,,,,,,,,,,,,,,,,,,,,436711,2009-03-31
,,,,,,,,,,,,,,,,,,,,436739,2009-03-31
,,,,,,,,,,,,,,,,,,,,436823,2009-03-31
,,,,,,,,,,,,,,,,,,,,436953,2009-03-31
,,,,,,,,,,,,,,,,,,,,437044,2009-03-31
,,,,,,,,,,,,,,,,,,,,437053,2009-03-31
,,,,,,,,,,,,,,,,,,,,437138,2009-03-31
,,,,,,,,,,,,,,,,,,,,437455,2009-03-31
,,,,,,,,,,,,,,,,,,,,437521,2009-03-31
,,,,,,,,,,,,,,,,,,,,438050,2009-03-31
,,,,,,,,,,,,,,,,,,,,438238,2009-03-31
,,,,,,,,,,,,,,,,,,,,438434,2009-03-31
,,,,,,,,,,,,,,,,,,,,439132,2009-03-31
,,,,,,,,,,,,,,,,,,,,439338,2009-03-31
,,,,,,,,,,,,,,,,,,,,439356,2009-03-31
,,,,,,,,,,,,,,,,,,,,439404,2009-03-31
,,,,,,,,,,,,,,,,,,,,439459,2009-03-31
,,,,,,,,,,,,,,,,,,,,439730,2009-03-31
,,,,,,,,,,,,,,,,,,,,439860,2009-03-31
,,,,,,,,,,,,,,,,,,,,440110,2009-03-31
,,,,,,,,,,,,,,,,,,,,440259,2009-03-31
,,,,,,,,,,,,,,,,,,,,440446,2009-03-31
,,,,,,,,,,,,,,,,,,,,440857,2009-03-31
,,,,,,,,,,,,,,,,,,,,440875,2009-03-31
,,,,,,,,,,,,,,,,,,,,441050,2009-03-31
,,,,,,,,,,,,,,,,,,,,441078,2009-03-31
,,,,,,,,,,,,,,,,,,,,441135,2009-03-31
,,,,,,,,,,,,,,,,,,,,441256,2009-03-31
,,,,,,,,,,,,,,,,,,,,441359,2009-03-31
,,,,,,,,,,,,,,,,,,,,441434,2009-03-31
,,,,,,,,,,,,,,,,,,,,441630,2009-03-31
,,,,,,,,,,,,,,,,,,,,442057,2009-03-31
,,,,,,,,,,,,,,,,,,,,442244,2009-03-31
,,,,,,,,,,,,,,,,,,,,442655,2009-03-31
,,,,,,,,,,,,,,,,,,,,442749,2009-03-31
,,,,,,,,,,,,,,,,,,,,442758,2009-03-31
,,,,,,,,,,,,,,,,,,,,442776,2009-03-31
,,,,,,,,,,,,,,,,,,,,442806,2009-03-31
,,,,,,,,,,,,,,,,,,,,443148,2009-03-31
,,,,,,,,,,,,,,,,,,,,443205,2009-03-31
,,,,,,,,,,,,,,,,,,,,443353,2009-03-31
,,,,,,,,,,,,,,,,,,,,443625,2009-03-31
,,,,,,,,,,,,,,,,,,,,443634,2009-03-31
,,,,,,,,,,,,,,,,,,,,444051,2009-03-31
,,,,,,,,,,,,,,,,,,,,444350,2009-03-31
,,,,,,,,,,,,,,,,,,,,444556,2009-03-31
,,,,,,,,,,,,,,,,,,,,444677,2009-03-31
,,,,,,,,,,,,,,,,,,,,444958,2009-03-31
,,,,,,,,,,,,,,,,,,,,445852,2009-03-31
,,,,,,,,,,,,,,,,,,,,445955,2009-03-31
,,,,,,,,,,,,,,,,,,,,446130,2009-03-31
,,,,,,,,,,,,,,,,,,,,446149,2009-03-31
,,,,,,,,,,,,,,,,,,,,446336,2009-03-31
,,,,,,,,,,,,,,,,,,,,446877,2009-03-31
,,,,,,,,,,,,,,,,,,,,447034,2009-03-31
,,,,,,,,,,,,,,,,,,,,447070,2009-03-31
,,,,,,,,,,,,,,,,,,,,447100,2009-03-31
,,,,,,,,,,,,,,,,,,,,447342,2009-03-31
,,,,,,,,,,,,,,,,,,,,447351,2009-03-31
,,,,,,,,,,,,,,,,,,,,447557,2009-03-31
,,,,,,,,,,,,,,,,,,,,447874,2009-03-31
,,,,,,,,,,,,,,,,,,,,448040,2009-03-31
,,,,,,,,,,,,,,,,,,,,448554,2009-03-31
,,,,,,,,,,,,,,,,,,,,449038,2009-03-31
,,,,,,,,,,,,,,,,,,,,449430,2009-03-31
,,,,,,,,,,,,,,,,,,,,449832,2009-03-31
,,,,,,,,,,,,,,,,,,,,449841,2009-03-31
,,,,,,,,,,,,,,,,,,,,449850,2009-03-31
,,,,,,,,,,,,,,,,,,,,449926,2009-03-31
,,,,,,,,,,,,,,,,,,,,449953,2009-03-31
,,,,,,,,,,,,,,,,,,,,450034,2009-03-31
,,,,,,,,,,,,,,,,,,,,450632,2009-03-31
,,,,,,,,,,,,,,,,,,,,450641,2009-03-31
,,,,,,,,,,,,,,,,,,,,450650,2009-03-31
,,,,,,,,,,,,,,,,,,,,450669,2009-03-31
,,,,,,,,,,,,,,,,,,,,450753,2009-03-31
,,,,,,,,,,,,,,,,,,,,450856,2009-03-31
,,,,,,,,,,,,,,,,,,,,450959,2009-03-31
,,,,,,,,,,,,,,,,,,,,451068,2009-03-31
,,,,,,,,,,,,,,,,,,,,451246,2009-03-31
,,,,,,,,,,,,,,,,,,,,451853,2009-03-31
,,,,,,,,,,,,,,,,,,,,451965,2009-03-31
,,,,,,,,,,,,,,,,,,,,452104,2009-03-31
,,,,,,,,,,,,,,,,,,,,452159,2009-03-31
,,,,,,,,,,,,,,,,,,,,452270,2009-03-31
,,,,,,,,,,,,,,,,,,,,452739,2009-03-31
,,,,,,,,,,,,,,,,,,,,452841,2009-03-31
,,,,,,,,,,,,,,,,,,,,452850,2009-03-31
,,,,,,,,,,,,,,,,,,,,453026,2009-03-31
,,,,,,,,,,,,,,,,,,,,453147,2009-03-31
,,,,,,,,,,,,,,,,,,,,453446,2009-03-31
,,,,,,,,,,,,,,,,,,,,453839,2009-03-31
,,,,,,,,,,,,,,,,,,,,454340,2009-03-31
,,,,,,,,,,,,,,,,,,,,454434,2009-03-31
,,,,,,,,,,,,,,,,,,,,454546,2009-03-31
,,,,,,,,,,,,,,,,,,,,454658,2009-03-31
,,,,,,,,,,,,,,,,,,,,454742,2009-03-31
,,,,,,,,,,,,,,,,,,,,455150,2009-03-31
,,,,,,,,,,,,,,,,,,,,455253,2009-03-31
,,,,,,,,,,,,,,,,,,,,455459,2009-03-31
,,,,,,,,,,,,,,,,,,,,455552,2009-03-31
,,,,,,,,,,,,,,,,,,,,455945,2009-03-31
,,,,,,,,,,,,,,,,,,,,455972,2009-03-31
,,,,,,,,,,,,,,,,,,,,456045,2009-03-31
,,,,,,,,,,,,,,,,,,,,456054,2009-03-31
,,,,,,,,,,,,,,,,,,,,456157,2009-03-31
,,,,,,,,,,,,,,,,,,,,456250,2009-03-31
,,,,,,,,,,,,,,,,,,,,456344,2009-03-31
,,,,,,,,,,,,,,,,,,,,456447,2009-03-31
,,,,,,,,,,,,,,,,,,,,456456,2009-03-31
,,,,,,,,,,,,,,,,,,,,456474,2009-03-31
,,,,,,,,,,,,,,,,,,,,456755,2009-03-31
,,,,,,,,,,,,,,,,,,,,456960,2009-03-31
,,,,,,,,,,,,,,,,,,,,457060,2009-03-31
,,,,,,,,,,,,,,,,,,,,457220,2009-03-31
,,,,,,,,,,,,,,,,,,,,457426,2009-03-31
,,,,,,,,,,,,,,,,,,,,457547,2009-03-31
,,,,,,,,,,,,,,,,,,,,457659,2009-03-31
,,,,,,,,,,,,,,,,,,,,457752,2009-03-31
,,,,,,,,,,,,,,,,,,,,458049,2009-03-31
,,,,,,,,,,,,,,,,,,,,458142,2009-03-31
,,,,,,,,,,,,,,,,,,,,458544,2009-03-31
,,,,,,,,,,,,,,,,,,,,458553,2009-03-31
,,,,,,,,,,,,,,,,,,,,458665,2009-03-31
,,,,,,,,,,,,,,,,,,,,458946,2009-03-31
,,,,,,,,,,,,,,,,,,,,459046,2009-03-31
,,,,,,,,,,,,,,,,,,,,459130,2009-03-31
,,,,,,,,,,,,,,,,,,,,459354,2009-03-31
,,,,,,,,,,,,,,,,,,,,459372,2009-03-31
,,,,,,,,,,,,,,,,,,,,459448,2009-03-31
,,,,,,,,,,,,,,,,,,,,459644,2009-03-31
,,,,,,,,,,,,,,,,,,,,459671,2009-03-31
,,,,,,,,,,,,,,,,,,,,460033,2009-03-31
,,,,,,,,,,,,,,,,,,,,460332,2009-03-31
,,,,,,,,,,,,,,,,,,,,460341,2009-03-31
,,,,,,,,,,,,,,,,,,,,460350,2009-03-31
,,,,,,,,,,,,,,,,,,,,460556,2009-03-31
,,,,,,,,,,,,,,,,,,,,460770,2009-03-31
,,,,,,,,,,,,,,,,,,,,461058,2009-03-31
,,,,,,,,,,,,,,,,,,,,462756,2009-03-31
,,,,,,,,,,,,,,,,,,,,463203,2009-03-31
,,,,,,,,,,,,,,,,,,,,463342,2009-03-31
,,,,,,,,,,,,,,,,,,,,463605,2009-03-31
,,,,,,,,,,,,,,,,,,,,463650,2009-03-31
,,,,,,,,,,,,,,,,,,,,463735,2009-03-31
,,,,,,,,,,,,,,,,,,,,464255,2009-03-31
,,,,,,,,,,,,,,,,,,,,464536,2009-03-31
,,,,,,,,,,,,,,,,,,,,464750,2009-03-31
,,,,,,,,,,,,,,,,,,,,464853,2009-03-31
,,,,,,,,,,,,,,,,,,,,464956,2009-03-31
,,,,,,,,,,,,,,,,,,,,465038,2009-03-31
,,,,,,,,,,,,,,,,,,,,465243,2009-03-31
,,,,,,,,,,,,,,,,,,,,465337,2009-03-31
,,,,,,,,,,,,,,,,,,,,465524,2009-03-31
,,,,,,,,,,,,,,,,,,,,465618,2009-03-31
,,,,,,,,,,,,,,,,,,,,465672,2009-03-31
,,,,,,,,,,,,,,,,,,,,466044,2009-03-31
,,,,,,,,,,,,,,,,,,,,466240,2009-03-31
,,,,,,,,,,,,,,,,,,,,466549,2009-03-31
,,,,,,,,,,,,,,,,,,,,466642,2009-03-31
,,,,,,,,,,,,,,,,,,,,466754,2009-03-31
,,,,,,,,,,,,,,,,,,,,466857,2009-03-31
,,,,,,,,,,,,,,,,,,,,466932,2009-03-31
,,,,,,,,,,,,,,,,,,,,467144,2009-03-31
,,,,,,,,,,,,,,,,,,,,467265,2009-03-31
,,,,,,,,,,,,,,,,,,,,467658,2009-03-31
,,,,,,,,,,,,,,,,,,,,467733,2009-03-31
,,,,,,,,,,,,,,,,,,,,467957,2009-03-31
,,,,,,,,,,,,,,,,,,,,468673,2009-03-31
,,,,,,,,,,,,,,,,,,,,468806,2009-03-31
,,,,,,,,,,,,,,,,,,,,468954,2009-03-31
,,,,,,,,,,,,,,,,,,,,469250,2009-03-31
,,,,,,,,,,,,,,,,,,,,469362,2009-03-31
,,,,,,,,,,,,,,,,,,,,469559,2009-03-31
,,,,,,,,,,,,,,,,,,,,469737,2009-03-31
,,,,,,,,,,,,,,,,,,,,470032,2009-03-31
,,,,,,,,,,,,,,,,,,,,470050,2009-03-31
,,,,,,,,,,,,,,,,,,,,470434,2009-03-31
,,,,,,,,,,,,,,,,,,,,470452,2009-03-31
,,,,,,,,,,,,,,,,,,,,470724,2009-03-31
,,,,,,,,,,,,,,,,,,,,471057,2009-03-31
,,,,,,,,,,,,,,,,,,,,471217,2009-03-31
,,,,,,,,,,,,,,,,,,,,471749,2009-03-31
,,,,,,,,,,,,,,,,,,,,472018,2009-03-31
,,,,,,,,,,,,,,,,,,,,472045,2009-03-31
,,,,,,,,,,,,,,,,,,,,472148,2009-03-31
,,,,,,,,,,,,,,,,,,,,472250,2009-03-31
,,,,,,,,,,,,,,,,,,,,472335,2009-03-31
,,,,,,,,,,,,,,,,,,,,472531,2009-03-31
,,,,,,,,,,,,,,,,,,,,472616,2009-03-31
,,,,,,,,,,,,,,,,,,,,472643,2009-03-31
,,,,,,,,,,,,,,,,,,,,472652,2009-03-31
,,,,,,,,,,,,,,,,,,,,472858,2009-03-31
,,,,,,,,,,,,,,,,,,,,472951,2009-03-31
,,,,,,,,,,,,,,,,,,,,472979,2009-03-31
,,,,,,,,,,,,,,,,,,,,473042,2009-03-31
,,,,,,,,,,,,,,,,,,,,473257,2009-03-31
,,,,,,,,,,,,,,,,,,,,473266,2009-03-31
,,,,,,,,,,,,,,,,,,,,473341,2009-03-31
,,,,,,,,,,,,,,,,,,,,473501,2009-03-31
,,,,,,,,,,,,,,,,,,,,473930,2009-03-31
,,,,,,,,,,,,,,,,,,,,474058,2009-03-31
,,,,,,,,,,,,,,,,,,,,474245,2009-03-31
,,,,,,,,,,,,,,,,,,,,474254,2009-03-31
,,,,,,,,,,,,,,,,,,,,474357,2009-03-31
,,,,,,,,,,,,,,,,,,,,474450,2009-03-31
,,,,,,,,,,,,,,,,,,,,474544,2009-03-31
,,,,,,,,,,,,,,,,,,,,474656,2009-03-31
,,,,,,,,,,,,,,,,,,,,474759,2009-03-31
,,,,,,,,,,,,,,,,,,,,474825,2009-03-31
,,,,,,,,,,,,,,,,,,,,474919,2009-03-31
,,,,,,,,,,,,,,,,,,,,475046,2009-03-31
,,,,,,,,,,,,,,,,,,,,475215,2009-03-31
,,,,,,,,,,,,,,,,,,,,475345,2009-03-31
,,,,,,,,,,,,,,,,,,,,475354,2009-03-31
,,,,,,,,,,,,,,,,,,,,475363,2009-03-31
,,,,,,,,,,,,,,,,,,,,475550,2009-03-31
,,,,,,,,,,,,,,,,,,,,475653,2009-03-31
,,,,,,,,,,,,,,,,,,,,475756,2009-03-31
,,,,,,,,,,,,,,,,,,,,476070,2009-03-31
,,,,,,,,,,,,,,,,,,,,476276,2009-03-31
,,,,,,,,,,,,,,,,,,,,476342,2009-03-31
,,,,,,,,,,,,,,,,,,,,476445,2009-03-31
,,,,,,,,,,,,,,,,,,,,476454,2009-03-31
,,,,,,,,,,,,,,,,,,,,476539,2009-03-31
,,,,,,,,,,,,,,,,,,,,476810,2009-03-31
,,,,,,,,,,,,,,,,,,,,476968,2009-03-31
,,,,,,,,,,,,,,,,,,,,477059,2009-03-31
,,,,,,,,,,,,,,,,,,,,477303,2009-03-31
,,,,,,,,,,,,,,,,,,,,477321,2009-03-31
,,,,,,,,,,,,,,,,,,,,477349,2009-03-31
,,,,,,,,,,,,,,,,,,,,477376,2009-03-31
,,,,,,,,,,,,,,,,,,,,477639,2009-03-31
,,,,,,,,,,,,,,,,,,,,477648,2009-03-31
,,,,,,,,,,,,,,,,,,,,477657,2009-03-31
,,,,,,,,,,,,,,,,,,,,477844,2009-03-31
,,,,,,,,,,,,,,,,,,,,478140,2009-03-31
,,,,,,,,,,,,,,,,,,,,478195,2009-03-31
,,,,,,,,,,,,,,,,,,,,478252,2009-03-31
,,,,,,,,,,,,,,,,,,,,478430,2009-03-31
,,,,,,,,,,,,,,,,,,,,478533,2009-03-31
,,,,,,,,,,,,,,,,,,,,478766,2009-03-31
,,,,,,,,,,,,,,,,,,,,478944,2009-03-31
,,,,,,,,,,,,,,,,,,,,479053,2009-03-31
,,,,,,,,,,,,,,,,,,,,479071,2009-03-31
,,,,,,,,,,,,,,,,,,,,479268,2009-03-31
,,,,,,,,,,,,,,,,,,,,479446,2009-03-31
,,,,,,,,,,,,,,,,,,,,479567,2009-03-31
,,,,,,,,,,,,,,,,,,,,479754,2009-03-31
,,,,,,,,,,,,,,,,,,,,479839,2009-03-31
,,,,,,,,,,,,,,,,,,,,479914,2009-03-31
,,,,,,,,,,,,,,,,,,,,480059,2009-03-31
,,,,,,,,,,,,,,,,,,,,480228,2009-03-31
,,,,,,,,,,,,,,,,,,,,480246,2009-03-31
,,,,,,,,,,,,,,,,,,,,480330,2009-03-31
,,,,,,,,,,,,,,,,,,,,480433,2009-03-31
,,,,,,,,,,,,,,,,,,,,480723,2009-03-31
,,,,,,,,,,,,,,,,,,,,480750,2009-03-31
,,,,,,,,,,,,,,,,,,,,480817,2009-03-31
,,,,,,,,,,,,,,,,,,,,480853,2009-03-31
,,,,,,,,,,,,,,,,,,,,481140,2009-03-31
,,,,,,,,,,,,,,,,,,,,481159,2009-03-31
,,,,,,,,,,,,,,,,,,,,481177,2009-03-31
,,,,,,,,,,,,,,,,,,,,481355,2009-03-31
,,,,,,,,,,,,,,,,,,,,481430,2009-03-31
,,,,,,,,,,,,,,,,,,,,481542,2009-03-31
,,,,,,,,,,,,,,,,,,,,481627,2009-03-31
,,,,,,,,,,,,,,,,,,,,481748,2009-03-31
,,,,,,,,,,,,,,,,,,,,481878,2009-03-31
,,,,,,,,,,,,,,,,,,,,481944,2009-03-31
,,,,,,,,,,,,,,,,,,,,482053,2009-03-31
,,,,,,,,,,,,,,,,,,,,482156,2009-03-31
,,,,,,,,,,,,,,,,,,,,482370,2009-03-31
,,,,,,,,,,,,,,,,,,,,482446,2009-03-31
,,,,,,,,,,,,,,,,,,,,483032,2009-03-31
,,,,,,,,,,,,,,,,,,,,483274,2009-03-31
,,,,,,,,,,,,,,,,,,,,483537,2009-03-31
,,,,,,,,,,,,,,,,,,,,483751,2009-03-31
,,,,,,,,,,,,,,,,,,,,484057,2009-03-31
,,,,,,,,,,,,,,,,,,,,484141,2009-03-31
,,,,,,,,,,,,,,,,,,,,484422,2009-03-31
,,,,,,,,,,,,,,,,,,,,484927,2009-03-31
,,,,,,,,,,,,,,,,,,,,485054,2009-03-31
,,,,,,,,,,,,,,,,,,,,485139,2009-03-31
,,,,,,,,,,,,,,,,,,,,485214,2009-03-31
,,,,,,,,,,,,,,,,,,,,485353,2009-03-31
,,,,,,,,,,,,,,,,,,,,485456,2009-03-31
,,,,,,,,,,,,,,,,,,,,485559,2009-03-31
,,,,,,,,,,,,,,,,,,,,485652,2009-03-31
,,,,,,,,,,,,,,,,,,,,486248,2009-03-31
,,,,,,,,,,,,,,,,,,,,486752,2009-03-31
,,,,,,,,,,,,,,,,,,,,486837,2009-03-31
,,,,,,,,,,,,,,,,,,,,487142,2009-03-31
,,,,,,,,,,,,,,,,,,,,487236,2009-03-31
,,,,,,,,,,,,,,,,,,,,487357,2009-03-31
,,,,,,,,,,,,,,,,,,,,487843,2009-03-31
,,,,,,,,,,,,,,,,,,,,488055,2009-03-31
,,,,,,,,,,,,,,,,,,,,488167,2009-03-31
,,,,,,,,,,,,,,,,,,,,488318,2009-03-31
,,,,,,,,,,,,,,,,,,,,488420,2009-03-31
,,,,,,,,,,,,,,,,,,,,488439,2009-03-31
,,,,,,,,,,,,,,,,,,,,488653,2009-03-31
,,,,,,,,,,,,,,,,,,,,488756,2009-03-31
,,,,,,,,,,,,,,,,,,,,489016,2009-03-31
,,,,,,,,,,,,,,,,,,,,489155,2009-03-31
,,,,,,,,,,,,,,,,,,,,489249,2009-03-31
,,,,,,,,,,,,,,,,,,,,489548,2009-03-31
,,,,,,,,,,,,,,,,,,,,489623,2009-03-31
,,,,,,,,,,,,,,,,,,,,489641,2009-03-31
,,,,,,,,,,,,,,,,,,,,489735,2009-03-31
,,,,,,,,,,,,,,,,,,,,489913,2009-03-31
,,,,,,,,,,,,,,,,,,,,490179,2009-03-31
,,,,,,,,,,,,,,,,,,,,490348,2009-03-31
,,,,,,,,,,,,,,,,,,,,490450,2009-03-31
,,,,,,,,,,,,,,,,,,,,490535,2009-03-31
,,,,,,,,,,,,,,,,,,,,490544,2009-03-31
,,,,,,,,,,,,,,,,,,,,490843,2009-03-31
,,,,,,,,,,,,,,,,,,,,490937,2009-03-31
,,,,,,,,,,,,,,,,,,,,490955,2009-03-31
,,,,,,,,,,,,,,,,,,,,491224,2009-03-31
,,,,,,,,,,,,,,,,,,,,491251,2009-03-31
,,,,,,,,,,,,,,,,,,,,491402,2009-03-31
,,,,,,,,,,,,,,,,,,,,491653,2009-03-31
,,,,,,,,,,,,,,,,,,,,491774,2009-03-31
,,,,,,,,,,,,,,,,,,,,491822,2009-03-31
,,,,,,,,,,,,,,,,,,,,491934,2009-03-31
,,,,,,,,,,,,,,,,,,,,492650,2009-03-31
,,,,,,,,,,,,,,,,,,,,492810,2009-03-31
,,,,,,,,,,,,,,,,,,,,493013,2009-03-31
,,,,,,,,,,,,,,,,,,,,493077,2009-03-31
,,,,,,,,,,,,,,,,,,,,493143,2009-03-31
,,,,,,,,,,,,,,,,,,,,493152,2009-03-31
,,,,,,,,,,,,,,,,,,,,493741,2009-03-31
,,,,,,,,,,,,,,,,,,,,493844,2009-03-31
,,,,,,,,,,,,,,,,,,,,494168,2009-03-31
,,,,,,,,,,,,,,,,,,,,494261,2009-03-31
,,,,,,,,,,,,,,,,,,,,494654,2009-03-31
,,,,,,,,,,,,,,,,,,,,495044,2009-03-31
,,,,,,,,,,,,,,,,,,,,495277,2009-03-31
,,,,,,,,,,,,,,,,,,,,495352,2009-03-31
,,,,,,,,,,,,,,,,,,,,495419,2009-03-31
,,,,,,,,,,,,,,,,,,,,495558,2009-03-31
,,,,,,,,,,,,,,,,,,,,495857,2009-03-31
,,,,,,,,,,,,,,,,,,,,496434,2009-03-31
,,,,,,,,,,,,,,,,,,,,496845,2009-03-31
,,,,,,,,,,,,,,,,,,,,496957,2009-03-31
,,,,,,,,,,,,,,,,,,,,497039,2009-03-31
,,,,,,,,,,,,,,,,,,,,497404,2009-03-31
,,,,,,,,,,,,,,,,,,,,497655,2009-03-31
,,,,,,,,,,,,,,,,,,,,497851,2009-03-31
,,,,,,,,,,,,,,,,,,,,497954,2009-03-31
,,,,,,,,,,,,,,,,,,,,497972,2009-03-31
,,,,,,,,,,,,,,,,,,,,498148,2009-03-31
,,,,,,,,,,,,,,,,,,,,498317,2009-03-31
,,,,,,,,,,,,,,,,,,,,498362,2009-03-31
,,,,,,,,,,,,,,,,,,,,498456,2009-03-31
,,,,,,,,,,,,,,,,,,,,498531,2009-03-31
,,,,,,,,,,,,,,,,,,,,498625,2009-03-31
,,,,,,,,,,,,,,,,,,,,498746,2009-03-31
,,,,,,,,,,,,,,,,,,,,498942,2009-03-31
,,,,,,,,,,,,,,,,,,,,499154,2009-03-31
,,,,,,,,,,,,,,,,,,,,499453,2009-03-31
,,,,,,,,,,,,,,,,,,,,499501,2009-03-31
,,,,,,,,,,,,,,,,,,,,499538,2009-03-31
,,,,,,,,,,,,,,,,,,,,499743,2009-03-31
,,,,,,,,,,,,,,,,,,,,499752,2009-03-31
,,,,,,,,,,,,,,,,,,,,499855,2009-03-31
,,,,,,,,,,,,,,,,,,,,500256,2009-03-31
,,,,,,,,,,,,,,,,,,,,500658,2009-03-31
,,,,,,,,,,,,,,,,,,,,501039,2009-03-31
,,,,,,,,,,,,,,,,,,,,501105,2009-03-31
,,,,,,,,,,,,,,,,,,,,501132,2009-03-31
,,,,,,,,,,,,,,,,,,,,501459,2009-03-31
,,,,,,,,,,,,,,,,,,,,501655,2009-03-31
,,,,,,,,,,,,,,,,,,,,501758,2009-03-31
,,,,,,,,,,,,,,,,,,,,501767,2009-03-31
,,,,,,,,,,,,,,,,,,,,501815,2009-03-31
,,,,,,,,,,,,,,,,,,,,502111,2009-03-31
,,,,,,,,,,,,,,,,,,,,502353,2009-03-31
,,,,,,,,,,,,,,,,,,,,502447,2009-03-31
,,,,,,,,,,,,,,,,,,,,502559,2009-03-31
,,,,,,,,,,,,,,,,,,,,502652,2009-03-31
,,,,,,,,,,,,,,,,,,,,502746,2009-03-31
,,,,,,,,,,,,,,,,,,,,502849,2009-03-31
,,,,,,,,,,,,,,,,,,,,503453,2009-03-31
,,,,,,,,,,,,,,,,,,,,503547,2009-03-31
,,,,,,,,,,,,,,,,,,,,503640,2009-03-31
,,,,,,,,,,,,,,,,,,,,504142,2009-03-31
,,,,,,,,,,,,,,,,,,,,504311,2009-03-31
,,,,,,,,,,,,,,,,,,,,504535,2009-03-31
,,,,,,,,,,,,,,,,,,,,504647,2009-03-31
,,,,,,,,,,,,,,,,,,,,504713,2009-03-31
,,,,,,,,,,,,,,,,,,,,505242,2009-03-31
,,,,,,,,,,,,,,,,,,,,505550,2009-03-31
,,,,,,,,,,,,,,,,,,,,505831,2009-03-31
,,,,,,,,,,,,,,,,,,,,505916,2009-03-31
,,,,,,,,,,,,,,,,,,,,506052,2009-03-31
,,,,,,,,,,,,,,,,,,,,506249,2009-03-31
,,,,,,,,,,,,,,,,,,,,506838,2009-03-31
,,,,,,,,,,,,,,,,,,,,506922,2009-03-31
,,,,,,,,,,,,,,,,,,,,507068,2009-03-31
,,,,,,,,,,,,,,,,,,,,507152,2009-03-31
,,,,,,,,,,,,,,,,,,,,507330,2009-03-31
,,,,,,,,,,,,,,,,,,,,507349,2009-03-31
,,,,,,,,,,,,,,,,,,,,507509,2009-03-31
,,,,,,,,,,,,,,,,,,,,508270,2009-03-31
,,,,,,,,,,,,,,,,,,,,508346,2009-03-31
,,,,,,,,,,,,,,,,,,,,508355,2009-03-31
,,,,,,,,,,,,,,,,,,,,508841,2009-03-31
,,,,,,,,,,,,,,,,,,,,508878,2009-03-31
,,,,,,,,,,,,,,,,,,,,509138,2009-03-31
,,,,,,,,,,,,,,,,,,,,509231,2009-03-31
,,,,,,,,,,,,,,,,,,,,509400,2009-03-31
,,,,,,,,,,,,,,,,,,,,509642,2009-03-31
,,,,,,,,,,,,,,,,,,,,509811,2009-03-31
,,,,,,,,,,,,,,,,,,,,509857,2009-03-31
,,,,,,,,,,,,,,,,,,,,509950,2009-03-31
,,,,,,,,,,,,,,,,,,,,510330,2009-03-31
,,,,,,,,,,,,,,,,,,,,510648,2009-03-31
,,,,,,,,,,,,,,,,,,,,510871,2009-03-31
,,,,,,,,,,,,,,,,,,,,510938,2009-03-31
,,,,,,,,,,,,,,,,,,,,510947,2009-03-31
,,,,,,,,,,,,,,,,,,,,511618,2009-03-31
,,,,,,,,,,,,,,,,,,,,511832,2009-03-31
,,,,,,,,,,,,,,,,,,,,512839,2009-03-31
,,,,,,,,,,,,,,,,,,,,513050,2009-03-31
,,,,,,,,,,,,,,,,,,,,513256,2009-03-31
,,,,,,,,,,,,,,,,,,,,513322,2009-03-31
,,,,,,,,,,,,,,,,,,,,513340,2009-03-31
,,,,,,,,,,,,,,,,,,,,513546,2009-03-31
,,,,,,,,,,,,,,,,,,,,513854,2009-03-31
,,,,,,,,,,,,,,,,,,,,513920,2009-03-31
,,,,,,,,,,,,,,,,,,,,513957,2009-03-31
,,,,,,,,,,,,,,,,,,,,514048,2009-03-31
,,,,,,,,,,,,,,,,,,,,514057,2009-03-31
,,,,,,,,,,,,,,,,,,,,514066,2009-03-31
,,,,,,,,,,,,,,,,,,,,514132,2009-03-31
,,,,,,,,,,,,,,,,,,,,514356,2009-03-31
,,,,,,,,,,,,,,,,,,,,514440,2009-03-31
,,,,,,,,,,,,,,,,,,,,514655,2009-03-31
,,,,,,,,,,,,,,,,,,,,514936,2009-03-31
,,,,,,,,,,,,,,,,,,,,515054,2009-03-31
,,,,,,,,,,,,,,,,,,,,515250,2009-03-31
,,,,,,,,,,,,,,,,,,,,515353,2009-03-31
,,,,,,,,,,,,,,,,,,,,516154,2009-03-31
,,,,,,,,,,,,,,,,,,,,516855,2009-03-31
,,,,,,,,,,,,,,,,,,,,517049,2009-03-31
,,,,,,,,,,,,,,,,,,,,517357,2009-03-31
,,,,,,,,,,,,,,,,,,,,517423,2009-03-31
,,,,,,,,,,,,,,,,,,,,517441,2009-03-31
,,,,,,,,,,,,,,,,,,,,517834,2009-03-31
,,,,,,,,,,,,,,,,,,,,518037,2009-03-31
,,,,,,,,,,,,,,,,,,,,518354,2009-03-31
,,,,,,,,,,,,,,,,,,,,518877,2009-03-31
,,,,,,,,,,,,,,,,,,,,518952,2009-03-31
,,,,,,,,,,,,,,,,,,,,519146,2009-03-31
,,,,,,,,,,,,,,,,,,,,519360,2009-03-31
,,,,,,,,,,,,,,,,,,,,519445,2009-03-31
,,,,,,,,,,,,,,,,,,,,519874,2009-03-31
,,,,,,,,,,,,,,,,,,,,520003,2009-03-31
,,,,,,,,,,,,,,,,,,,,520423,2009-03-31
,,,,,,,,,,,,,,,,,,,,520777,2009-03-31
,,,,,,,,,,,,,,,,,,,,521064,2009-03-31
,,,,,,,,,,,,,,,,,,,,521158,2009-03-31
,,,,,,,,,,,,,,,,,,,,521251,2009-03-31
,,,,,,,,,,,,,,,,,,,,521608,2009-03-31
,,,,,,,,,,,,,,,,,,,,521756,2009-03-31
,,,,,,,,,,,,,,,,,,,,521804,2009-03-31
,,,,,,,,,,,,,,,,,,,,521952,2009-03-31
,,,,,,,,,,,,,,,,,,,,522034,2009-03-31
,,,,,,,,,,,,,,,,,,,,522043,2009-03-31
,,,,,,,,,,,,,,,,,,,,522454,2009-03-31
,,,,,,,,,,,,,,,,,,,,522605,2009-03-31
,,,,,,,,,,,,,,,,,,,,522669,2009-03-31
,,,,,,,,,,,,,,,,,,,,522753,2009-03-31
,,,,,,,,,,,,,,,,,,,,522847,2009-03-31
,,,,,,,,,,,,,,,,,,,,522856,2009-03-31
,,,,,,,,,,,,,,,,,,,,522959,2009-03-31
,,,,,,,,,,,,,,,,,,,,523152,2009-03-31
,,,,,,,,,,,,,,,,,,,,523161,2009-03-31
,,,,,,,,,,,,,,,,,,,,523648,2009-03-31
,,,,,,,,,,,,,,,,,,,,523974,2009-03-31
,,,,,,,,,,,,,,,,,,,,524579,2009-03-31
,,,,,,,,,,,,,,,,,,,,524757,2009-03-31
,,,,,,,,,,,,,,,,,,,,524766,2009-03-31
,,,,,,,,,,,,,,,,,,,,524953,2009-03-31
,,,,,,,,,,,,,,,,,,,,525053,2009-03-31
,,,,,,,,,,,,,,,,,,,,525156,2009-03-31
,,,,,,,,,,,,,,,,,,,,525352,2009-03-31
,,,,,,,,,,,,,,,,,,,,525446,2009-03-31
,,,,,,,,,,,,,,,,,,,,525455,2009-03-31
,,,,,,,,,,,,,,,,,,,,525549,2009-03-31
,,,,,,,,,,,,,,,,,,,,525950,2009-03-31
,,,,,,,,,,,,,,,,,,,,526452,2009-03-31
,,,,,,,,,,,,,,,,,,,,526519,2009-03-31
,,,,,,,,,,,,,,,,,,,,526751,2009-03-31
,,,,,,,,,,,,,,,,,,,,526854,2009-03-31
,,,,,,,,,,,,,,,,,,,,527057,2009-03-31
,,,,,,,,,,,,,,,,,,,,527507,2009-03-31
,,,,,,,,,,,,,,,,,,,,527600,2009-03-31
,,,,,,,,,,,,,,,,,,,,527749,2009-03-31
,,,,,,,,,,,,,,,,,,,,527954,2009-03-31
,,,,,,,,,,,,,,,,,,,,528102,2009-03-31
,,,,,,,,,,,,,,,,,,,,528241,2009-03-31
,,,,,,,,,,,,,,,,,,,,528568,2009-03-31
,,,,,,,,,,,,,,,,,,,,528616,2009-03-31
,,,,,,,,,,,,,,,,,,,,528849,2009-03-31
,,,,,,,,,,,,,,,,,,,,528858,2009-03-31
,,,,,,,,,,,,,,,,,,,,528960,2009-03-31
,,,,,,,,,,,,,,,,,,,,529172,2009-03-31
,,,,,,,,,,,,,,,,,,,,529341,2009-03-31
,,,,,,,,,,,,,,,,,,,,529659,2009-03-31
,,,,,,,,,,,,,,,,,,,,529846,2009-03-31
,,,,,,,,,,,,,,,,,,,,529855,2009-03-31
,,,,,,,,,,,,,,,,,,,,529958,2009-03-31
,,,,,,,,,,,,,,,,,,,,530655,2009-03-31
,,,,,,,,,,,,,,,,,,,,530703,2009-03-31
,,,,,,,,,,,,,,,,,,,,530851,2009-03-31
,,,,,,,,,,,,,,,,,,,,530954,2009-03-31
,,,,,,,,,,,,,,,,,,,,531157,2009-03-31
,,,,,,,,,,,,,,,,,,,,531250,2009-03-31
,,,,,,,,,,,,,,,,,,,,532042,2009-03-31
,,,,,,,,,,,,,,,,,,,,532453,2009-03-31
,,,,,,,,,,,,,,,,,,,,532752,2009-03-31
,,,,,,,,,,,,,,,,,,,,533124,2009-03-31
,,,,,,,,,,,,,,,,,,,,533227,2009-03-31
,,,,,,,,,,,,,,,,,,,,533535,2009-03-31
,,,,,,,,,,,,,,,,,,,,533740,2009-03-31
,,,,,,,,,,,,,,,,,,,,533759,2009-03-31
,,,,,,,,,,,,,,,,,,,,533852,2009-03-31
,,,,,,,,,,,,,,,,,,,,533928,2009-03-31
,,,,,,,,,,,,,,,,,,,,533937,2009-03-31
,,,,,,,,,,,,,,,,,,,,534242,2009-03-31
,,,,,,,,,,,,,,,,,,,,534345,2009-03-31
,,,,,,,,,,,,,,,,,,,,534466,2009-03-31
,,,,,,,,,,,,,,,,,,,,534653,2009-03-31
,,,,,,,,,,,,,,,,,,,,534756,2009-03-31
,,,,,,,,,,,,,,,,,,,,534774,2009-03-31
,,,,,,,,,,,,,,,,,,,,534859,2009-03-31
,,,,,,,,,,,,,,,,,,,,534877,2009-03-31
,,,,,,,,,,,,,,,,,,,,535034,2009-03-31
,,,,,,,,,,,,,,,,,,,,535258,2009-03-31
,,,,,,,,,,,,,,,,,,,,535463,2009-03-31
,,,,,,,,,,,,,,,,,,,,535641,2009-03-31
,,,,,,,,,,,,,,,,,,,,535753,2009-03-31
,,,,,,,,,,,,,,,,,,,,535856,2009-03-31
,,,,,,,,,,,,,,,,,,,,535931,2009-03-31
,,,,,,,,,,,,,,,,,,,,535940,2009-03-31
,,,,,,,,,,,,,,,,,,,,536059,2009-03-31
,,,,,,,,,,,,,,,,,,,,536349,2009-03-31
,,,,,,,,,,,,,,,,,,,,536479,2009-03-31
,,,,,,,,,,,,,,,,,,,,536527,2009-03-31
,,,,,,,,,,,,,,,,,,,,536554,2009-03-31
,,,,,,,,,,,,,,,,,,,,536853,2009-03-31
,,,,,,,,,,,,,,,,,,,,537038,2009-03-31
,,,,,,,,,,,,,,,,,,,,537243,2009-03-31
,,,,,,,,,,,,,,,,,,,,537355,2009-03-31
,,,,,,,,,,,,,,,,,,,,537449,2009-03-31
,,,,,,,,,,,,,,,,,,,,537551,2009-03-31
,,,,,,,,,,,,,,,,,,,,537560,2009-03-31
,,,,,,,,,,,,,,,,,,,,538222,2009-03-31
,,,,,,,,,,,,,,,,,,,,538352,2009-03-31
,,,,,,,,,,,,,,,,,,,,538754,2009-03-31
,,,,,,,,,,,,,,,,,,,,538802,2009-03-31
,,,,,,,,,,,,,,,,,,,,538950,2009-03-31
,,,,,,,,,,,,,,,,,,,,539032,2009-03-31
,,,,,,,,,,,,,,,,,,,,539340,2009-03-31
,,,,,,,,,,,,,,,,,,,,539452,2009-03-31
,,,,,,,,,,,,,,,,,,,,539667,2009-03-31
,,,,,,,,,,,,,,,,,,,,539872,2009-03-31
,,,,,,,,,,,,,,,,,,,,539939,2009-03-31
,,,,,,,,,,,,,,,,,,,,540056,2009-03-31
,,,,,,,,,,,,,,,,,,,,540542,2009-03-31
,,,,,,,,,,,,,,,,,,,,540551,2009-03-31
,,,,,,,,,,,,,,,,,,,,540739,2009-03-31
,,,,,,,,,,,,,,,,,,,,540850,2009-03-31
,,,,,,,,,,,,,,,,,,,,540926,2009-03-31
,,,,,,,,,,,,,,,,,,,,541035,2009-03-31
,,,,,,,,,,,,,,,,,,,,541101,2009-03-31
,,,,,,,,,,,,,,,,,,,,541231,2009-03-31
,,,,,,,,,,,,,,,,,,,,541437,2009-03-31
,,,,,,,,,,,,,,,,,,,,541642,2009-03-31
,,,,,,,,,,,,,,,,,,,,541754,2009-03-31
,,,,,,,,,,,,,,,,,,,,541857,2009-03-31
,,,,,,,,,,,,,,,,,,,,542153,2009-03-31
,,,,,,,,,,,,,,,,,,,,542340,2009-03-31
,,,,,,,,,,,,,,,,,,,,542528,2009-03-31
,,,,,,,,,,,,,,,,,,,,542537,2009-03-31
,,,,,,,,,,,,,,,,,,,,542649,2009-03-31
,,,,,,,,,,,,,,,,,,,,542667,2009-03-31
,,,,,,,,,,,,,,,,,,,,542854,2009-03-31
,,,,,,,,,,,,,,,,,,,,543253,2009-03-31
,,,,,,,,,,,,,,,,,,,,543262,2009-03-31
,,,,,,,,,,,,,,,,,,,,543459,2009-03-31
,,,,,,,,,,,,,,,,,,,,543945,2009-03-31
,,,,,,,,,,,,,,,,,,,,544335,2009-03-31
,,,,,,,,,,,,,,,,,,,,544447,2009-03-31
,,,,,,,,,,,,,,,,,,,,544652,2009-03-31
,,,,,,,,,,,,,,,,,,,,544951,2009-03-31
,,,,,,,,,,,,,,,,,,,,545042,2009-03-31
,,,,,,,,,,,,,,,,,,,,545154,2009-03-31
,,,,,,,,,,,,,,,,,,,,545604,2009-03-31
,,,,,,,,,,,,,,,,,,,,545846,2009-03-31
,,,,,,,,,,,,,,,,,,,,546003,2009-03-31
,,,,,,,,,,,,,,,,,,,,546320,2009-03-31
,,,,,,,,,,,,,,,,,,,,546432,2009-03-31
,,,,,,,,,,,,,,,,,,,,546535,2009-03-31
,,,,,,,,,,,,,,,,,,,,546544,2009-03-31
,,,,,,,,,,,,,,,,,,,,546647,2009-03-31
,,,,,,,,,,,,,,,,,,,,547251,2009-03-31
,,,,,,,,,,,,,,,,,,,,547279,2009-03-31
,,,,,,,,,,,,,,,,,,,,547550,2009-03-31
,,,,,,,,,,,,,,,,,,,,547840,2009-03-31
,,,,,,,,,,,,,,,,,,,,548052,2009-03-31
,,,,,,,,,,,,,,,,,,,,548203,2009-03-31
,,,,,,,,,,,,,,,,,,,,548267,2009-03-31
,,,,,,,,,,,,,,,,,,,,548351,2009-03-31
,,,,,,,,,,,,,,,,,,,,548641,2009-03-31
,,,,,,,,,,,,,,,,,,,,548771,2009-03-31
,,,,,,,,,,,,,,,,,,,,548829,2009-03-31
,,,,,,,,,,,,,,,,,,,,548838,2009-03-31
,,,,,,,,,,,,,,,,,,,,548856,2009-03-31
,,,,,,,,,,,,,,,,,,,,549358,2009-03-31
,,,,,,,,,,,,,,,,,,,,549545,2009-03-31
,,,,,,,,,,,,,,,,,,,,549862,2009-03-31
,,,,,,,,,,,,,,,,,,,,550327,2009-03-31
,,,,,,,,,,,,,,,,,,,,550354,2009-03-31
,,,,,,,,,,,,,,,,,,,,550448,2009-03-31
,,,,,,,,,,,,,,,,,,,,550653,2009-03-31
,,,,,,,,,,,,,,,,,,,,550756,2009-03-31
,,,,,,,,,,,,,,,,,,,,550952,2009-03-31
,,,,,,,,,,,,,,,,,,,,551016,2009-03-31
,,,,,,,,,,,,,,,,,,,,551904,2009-03-31
,,,,,,,,,,,,,,,,,,,,552059,2009-03-31
,,,,,,,,,,,,,,,,,,,,552161,2009-03-31
,,,,,,,,,,,,,,,,,,,,552451,2009-03-31
,,,,,,,,,,,,,,,,,,,,552545,2009-03-31
,,,,,,,,,,,,,,,,,,,,552657,2009-03-31
,,,,,,,,,,,,,,,,,,,,552732,2009-03-31
,,,,,,,,,,,,,,,,,,,,552956,2009-03-31
,,,,,,,,,,,,,,,,,,,,552974,2009-03-31
,,,,,,,,,,,,,,,,,,,,553038,2009-03-31
,,,,,,,,,,,,,,,,,,,,553766,2009-03-31
,,,,,,,,,,,,,,,,,,,,553926,2009-03-31
,,,,,,,,,,,,,,,,,,,,553944,2009-03-31
,,,,,,,,,,,,,,,,,,,,554268,2009-03-31
,,,,,,,,,,,,,,,,,,,,554343,2009-03-31
,,,,,,,,,,,,,,,,,,,,554745,2009-03-31
,,,,,,,,,,,,,,,,,,,,554857,2009-03-31
,,,,,,,,,,,,,,,,,,,,554941,2009-03-31
,,,,,,,,,,,,,,,,,,,,555005,2009-03-31
,,,,,,,,,,,,,,,,,,,,555256,2009-03-31
,,,,,,,,,,,,,,,,,,,,556011,2009-03-31
,,,,,,,,,,,,,,,,,,,,556459,2009-03-31
,,,,,,,,,,,,,,,,,,,,556815,2009-03-31
,,,,,,,,,,,,,,,,,,,,556936,2009-03-31
,,,,,,,,,,,,,,,,,,,,557317,2009-03-31
,,,,,,,,,,,,,,,,,,,,557438,2009-03-31
,,,,,,,,,,,,,,,,,,,,557858,2009-03-31
,,,,,,,,,,,,,,,,,,,,558257,2009-03-31
,,,,,,,,,,,,,,,,,,,,558462,2009-03-31
,,,,,,,,,,,,,,,,,,,,559553,2009-03-31
,,,,,,,,,,,,,,,,,,,,559777,2009-03-31
,,,,,,,,,,,,,,,,,,,,560214,2009-03-31
,,,,,,,,,,,,,,,,,,,,560353,2009-03-31
,,,,,,,,,,,,,,,,,,,,560438,2009-03-31
,,,,,,,,,,,,,,,,,,,,560830,2009-03-31
,,,,,,,,,,,,,,,,,,,,561145,2009-03-31
,,,,,,,,,,,,,,,,,,,,561239,2009-03-31
,,,,,,,,,,,,,,,,,,,,561574,2009-03-31
,,,,,,,,,,,,,,,,,,,,561659,2009-03-31
,,,,,,,,,,,,,,,,,,,,561864,2009-03-31
,,,,,,,,,,,,,,,,,,,,562058,2009-03-31
,,,,,,,,,,,,,,,,,,,,562553,2009-03-31
,,,,,,,,,,,,,,,,,,,,563233,2009-03-31
,,,,,,,,,,,,,,,,,,,,563336,2009-03-31
,,,,,,,,,,,,,,,,,,,,563457,2009-03-31
,,,,,,,,,,,,,,,,,,,,563756,2009-03-31
,,,,,,,,,,,,,,,,,,,,563774,2009-03-31
,,,,,,,,,,,,,,,,,,,,563934,2009-03-31
,,,,,,,,,,,,,,,,,,,,564052,2009-03-31
,,,,,,,,,,,,,,,,,,,,564155,2009-03-31
,,,,,,,,,,,,,,,,,,,,564324,2009-03-31
,,,,,,,,,,,,,,,,,,,,564463,2009-03-31
,,,,,,,,,,,,,,,,,,,,564557,2009-03-31
,,,,,,,,,,,,,,,,,,,,564678,2009-03-31
,,,,,,,,,,,,,,,,,,,,564838,2009-03-31
,,,,,,,,,,,,,,,,,,,,564856,2009-03-31
,,,,,,,,,,,,,,,,,,,,565143,2009-03-31
,,,,,,,,,,,,,,,,,,,,565152,2009-03-31
,,,,,,,,,,,,,,,,,,,,565536,2009-03-31
,,,,,,,,,,,,,,,,,,,,565750,2009-03-31
,,,,,,,,,,,,,,,,,,,,565844,2009-03-31
,,,,,,,,,,,,,,,,,,,,566056,2009-03-31
,,,,,,,,,,,,,,,,,,,,566243,2009-03-31
,,,,,,,,,,,,,,,,,,,,566458,2009-03-31
,,,,,,,,,,,,,,,,,,,,566551,2009-03-31
,,,,,,,,,,,,,,,,,,,,566953,2009-03-31
,,,,,,,,,,,,,,,,,,,,567231,2009-03-31
,,,,,,,,,,,,,,,,,,,,567240,2009-03-31
,,,,,,,,,,,,,,,,,,,,567736,2009-03-31
,,,,,,,,,,,,,,,,,,,,567754,2009-03-31
,,,,,,,,,,,,,,,,,,,,567905,2009-03-31
,,,,,,,,,,,,,,,,,,,,568126,2009-03-31
,,,,,,,,,,,,,,,,,,,,568135,2009-03-31
,,,,,,,,,,,,,,,,,,,,568144,2009-03-31
,,,,,,,,,,,,,,,,,,,,568238,2009-03-31
,,,,,,,,,,,,,,,,,,,,568359,2009-03-31
,,,,,,,,,,,,,,,,,,,,568443,2009-03-31
,,,,,,,,,,,,,,,,,,,,568470,2009-03-31
,,,,,,,,,,,,,,,,,,,,568751,2009-03-31
,,,,,,,,,,,,,,,,,,,,568854,2009-03-31
,,,,,,,,,,,,,,,,,,,,568939,2009-03-31
,,,,,,,,,,,,,,,,,,,,569253,2009-03-31
,,,,,,,,,,,,,,,,,,,,569422,2009-03-31
,,,,,,,,,,,,,,,,,,,,569534,2009-03-31
,,,,,,,,,,,,,,,,,,,,570231,2009-03-31
,,,,,,,,,,,,,,,,,,,,570558,2009-03-31
,,,,,,,,,,,,,,,,,,,,570651,2009-03-31
,,,,,,,,,,,,,,,,,,,,570745,2009-03-31
,,,,,,,,,,,,,,,,,,,,571135,2009-03-31
,,,,,,,,,,,,,,,,,,,,571153,2009-03-31
,,,,,,,,,,,,,,,,,,,,571265,2009-03-31
,,,,,,,,,,,,,,,,,,,,571443,2009-03-31
,,,,,,,,,,,,,,,,,,,,571920,2009-03-31
,,,,,,,,,,,,,,,,,,,,571957,2009-03-31
,,,,,,,,,,,,,,,,,,,,572338,2009-03-31
,,,,,,,,,,,,,,,,,,,,572347,2009-03-31
,,,,,,,,,,,,,,,,,,,,572374,2009-03-31
,,,,,,,,,,,,,,,,,,,,572459,2009-03-31
,,,,,,,,,,,,,,,,,,,,572655,2009-03-31
,,,,,,,,,,,,,,,,,,,,572776,2009-03-31
,,,,,,,,,,,,,,,,,,,,573036,2009-03-31
,,,,,,,,,,,,,,,,,,,,573335,2009-03-31
,,,,,,,,,,,,,,,,,,,,573559,2009-03-31
,,,,,,,,,,,,,,,,,,,,574051,2009-03-31
,,,,,,,,,,,,,,,,,,,,574471,2009-03-31
,,,,,,,,,,,,,,,,,,,,574556,2009-03-31
,,,,,,,,,,,,,,,,,,,,574949,2009-03-31
,,,,,,,,,,,,,,,,,,,,574976,2009-03-31
,,,,,,,,,,,,,,,,,,,,575133,2009-03-31
,,,,,,,,,,,,,,,,,,,,575254,2009-03-31
,,,,,,,,,,,,,,,,,,,,575348,2009-03-31
,,,,,,,,,,,,,,,,,,,,575375,2009-03-31
,,,,,,,,,,,,,,,,,,,,575647,2009-03-31
,,,,,,,,,,,,,,,,,,,,575656,2009-03-31
,,,,,,,,,,,,,,,,,,,,575759,2009-03-31
,,,,,,,,,,,,,,,,,,,,575834,2009-03-31
,,,,,,,,,,,,,,,,,,,,575955,2009-03-31
,,,,,,,,,,,,,,,,,,,,576037,2009-03-31
,,,,,,,,,,,,,,,,,,,,576130,2009-03-31
,,,,,,,,,,,,,,,,,,,,576354,2009-03-31
,,,,,,,,,,,,,,,,,,,,576541,2009-03-31
,,,,,,,,,,,,,,,,,,,,576608,2009-03-31
,,,,,,,,,,,,,,,,,,,,576644,2009-03-31
,,,,,,,,,,,,,,,,,,,,576653,2009-03-31
,,,,,,,,,,,,,,,,,,,,576952,2009-03-31
,,,,,,,,,,,,,,,,,,,,577128,2009-03-31
,,,,,,,,,,,,,,,,,,,,577137,2009-03-31
,,,,,,,,,,,,,,,,,,,,577230,2009-03-31
,,,,,,,,,,,,,,,,,,,,577472,2009-03-31
,,,,,,,,,,,,,,,,,,,,578116,2009-03-31
,,,,,,,,,,,,,,,,,,,,578237,2009-03-31
,,,,,,,,,,,,,,,,,,,,578255,2009-03-31
,,,,,,,,,,,,,,,,,,,,578554,2009-03-31
,,,,,,,,,,,,,,,,,,,,578741,2009-03-31
,,,,,,,,,,,,,,,,,,,,578862,2009-03-31
,,,,,,,,,,,,,,,,,,,,579140,2009-03-31
,,,,,,,,,,,,,,,,,,,,579319,2009-03-31
,,,,,,,,,,,,,,,,,,,,579364,2009-03-31
,,,,,,,,,,,,,,,,,,,,579636,2009-03-31
,,,,,,,,,,,,,,,,,,,,580155,2009-03-31
,,,,,,,,,,,,,,,,,,,,580548,2009-03-31
,,,,,,,,,,,,,,,,,,,,580623,2009-03-31
,,,,,,,,,,,,,,,,,,,,580726,2009-03-31
,,,,,,,,,,,,,,,,,,,,580847,2009-03-31
,,,,,,,,,,,,,,,,,,,,581237,2009-03-31
,,,,,,,,,,,,,,,,,,,,581358,2009-03-31
,,,,,,,,,,,,,,,,,,,,582177,2009-03-31
,,,,,,,,,,,,,,,,,,,,582654,2009-03-31
,,,,,,,,,,,,,,,,,,,,582766,2009-03-31
,,,,,,,,,,,,,,,,,,,,582953,2009-03-31
,,,,,,,,,,,,,,,,,,,,583138,2009-03-31
,,,,,,,,,,,,,,,,,,,,583268,2009-03-31
,,,,,,,,,,,,,,,,,,,,583352,2009-03-31
,,,,,,,,,,,,,,,,,,,,583745,2009-03-31
,,,,,,,,,,,,,,,,,,,,583754,2009-03-31
,,,,,,,,,,,,,,,,,,,,583905,2009-03-31
,,,,,,,,,,,,,,,,,,,,584377,2009-03-31
,,,,,,,,,,,,,,,,,,,,584724,2009-03-31
,,,,,,,,,,,,,,,,,,,,584920,2009-03-31
,,,,,,,,,,,,,,,,,,,,585235,2009-03-31
,,,,,,,,,,,,,,,,,,,,585749,2009-03-31
,,,,,,,,,,,,,,,,,,,,586027,2009-03-31
,,,,,,,,,,,,,,,,,,,,586241,2009-03-31
,,,,,,,,,,,,,,,,,,,,586335,2009-03-31
,,,,,,,,,,,,,,,,,,,,586858,2009-03-31
,,,,,,,,,,,,,,,,,,,,586960,2009-03-31
,,,,,,,,,,,,,,,,,,,,587350,2009-03-31
,,,,,,,,,,,,,,,,,,,,587574,2009-03-31
,,,,,,,,,,,,,,,,,,,,587677,2009-03-31
,,,,,,,,,,,,,,,,,,,,587743,2009-03-31
,,,,,,,,,,,,,,,,,,,,587752,2009-03-31
,,,,,,,,,,,,,,,,,,,,587800,2009-03-31
,,,,,,,,,,,,,,,,,,,,588058,2009-03-31
,,,,,,,,,,,,,,,,,,,,588245,2009-03-31
,,,,,,,,,,,,,,,,,,,,588348,2009-03-31
,,,,,,,,,,,,,,,,,,,,588441,2009-03-31
,,,,,,,,,,,,,,,,,,,,589158,2009-03-31
,,,,,,,,,,,,,,,,,,,,589439,2009-03-31
,,,,,,,,,,,,,,,,,,,,589523,2009-03-31
,,,,,,,,,,,,,,,,,,,,589943,2009-03-31
,,,,,,,,,,,,,,,,,,,,590145,2009-03-31
,,,,,,,,,,,,,,,,,,,,590220,2009-03-31
,,,,,,,,,,,,,,,,,,,,590248,2009-03-31
,,,,,,,,,,,,,,,,,,,,590640,2009-03-31
,,,,,,,,,,,,,,,,,,,,590855,2009-03-31
,,,,,,,,,,,,,,,,,,,,590949,2009-03-31
,,,,,,,,,,,,,,,,,,,,591209,2009-03-31
,,,,,,,,,,,,,,,,,,,,591320,2009-03-31
,,,,,,,,,,,,,,,,,,,,591357,2009-03-31
,,,,,,,,,,,,,,,,,,,,591366,2009-03-31
,,,,,,,,,,,,,,,,,,,,591740,2009-03-31
,,,,,,,,,,,,,,,,,,,,591825,2009-03-31
,,,,,,,,,,,,,,,,,,,,591852,2009-03-31
,,,,,,,,,,,,,,,,,,,,591937,2009-03-31
,,,,,,,,,,,,,,,,,,,,592439,2009-03-31
,,,,,,,,,,,,,,,,,,,,592448,2009-03-31
,,,,,,,,,,,,,,,,,,,,592550,2009-03-31
,,,,,,,,,,,,,,,,,,,,592644,2009-03-31
,,,,,,,,,,,,,,,,,,,,592859,2009-03-31
,,,,,,,,,,,,,,,,,,,,593007,2009-03-31
,,,,,,,,,,,,,,,,,,,,593052,2009-03-31
,,,,,,,,,,,,,,,,,,,,593249,2009-03-31
,,,,,,,,,,,,,,,,,,,,593333,2009-03-31
,,,,,,,,,,,,,,,,,,,,593351,2009-03-31
,,,,,,,,,,,,,,,,,,,,593753,2009-03-31
,,,,,,,,,,,,,,,,,,,,593771,2009-03-31
,,,,,,,,,,,,,,,,,,,,593865,2009-03-31
,,,,,,,,,,,,,,,,,,,,593940,2009-03-31
,,,,,,,,,,,,,,,,,,,,593977,2009-03-31
,,,,,,,,,,,,,,,,,,,,594433,2009-03-31
,,,,,,,,,,,,,,,,,,,,594451,2009-03-31
,,,,,,,,,,,,,,,,,,,,594853,2009-03-31
,,,,,,,,,,,,,,,,,,,,594938,2009-03-31
,,,,,,,,,,,,,,,,,,,,594947,2009-03-31
,,,,,,,,,,,,,,,,,,,,595038,2009-03-31
,,,,,,,,,,,,,,,,,,,,595337,2009-03-31
,,,,,,,,,,,,,,,,,,,,595430,2009-03-31
,,,,,,,,,,,,,,,,,,,,595449,2009-03-31
,,,,,,,,,,,,,,,,,,,,595869,2009-03-31
,,,,,,,,,,,,,,,,,,,,595944,2009-03-31
,,,,,,,,,,,,,,,,,,,,595953,2009-03-31
,,,,,,,,,,,,,,,,,,,,596053,2009-03-31
,,,,,,,,,,,,,,,,,,,,596062,2009-03-31
,,,,,,,,,,,,,,,,,,,,596156,2009-03-31
,,,,,,,,,,,,,,,,,,,,596455,2009-03-31
,,,,,,,,,,,,,,,,,,,,596642,2009-03-31
,,,,,,,,,,,,,,,,,,,,596848,2009-03-31
,,,,,,,,,,,,,,,,,,,,596978,2009-03-31
,,,,,,,,,,,,,,,,,,,,597041,2009-03-31
,,,,,,,,,,,,,,,,,,,,597256,2009-03-31
,,,,,,,,,,,,,,,,,,,,597313,2009-03-31
,,,,,,,,,,,,,,,,,,,,597452,2009-03-31
,,,,,,,,,,,,,,,,,,,,597546,2009-03-31
,,,,,,,,,,,,,,,,,,,,597555,2009-03-31
,,,,,,,,,,,,,,,,,,,,597658,2009-03-31
,,,,,,,,,,,,,,,,,,,,597751,2009-03-31
,,,,,,,,,,,,,,,,,,,,598002,2009-03-31
,,,,,,,,,,,,,,,,,,,,598048,2009-03-31
,,,,,,,,,,,,,,,,,,,,598132,2009-03-31
,,,,,,,,,,,,,,,,,,,,598534,2009-03-31
,,,,,,,,,,,,,,,,,,,,598543,2009-03-31
,,,,,,,,,,,,,,,,,,,,598646,2009-03-31
,,,,,,,,,,,,,,,,,,,,598954,2009-03-31
,,,,,,,,,,,,,,,,,,,,599643,2009-03-31
,,,,,,,,,,,,,,,,,,,,599755,2009-03-31
,,,,,,,,,,,,,,,,,,,,599764,2009-03-31
,,,,,,,,,,,,,,,,,,,,600129,2009-03-31
,,,,,,,,,,,,,,,,,,,,600419,2009-03-31
,,,,,,,,,,,,,,,,,,,,600651,2009-03-31
,,,,,,,,,,,,,,,,,,,,601032,2009-03-31
,,,,,,,,,,,,,,,,,,,,601041,2009-03-31
,,,,,,,,,,,,,,,,,,,,601050,2009-03-31
,,,,,,,,,,,,,,,,,,,,601153,2009-03-31
,,,,,,,,,,,,,,,,,,,,601416,2009-03-31
,,,,,,,,,,,,,,,,,,,,601434,2009-03-31
,,,,,,,,,,,,,,,,,,,,601443,2009-03-31
,,,,,,,,,,,,,,,,,,,,601564,2009-03-31
,,,,,,,,,,,,,,,,,,,,601658,2009-03-31
,,,,,,,,,,,,,,,,,,,,601733,2009-03-31
,,,,,,,,,,,,,,,,,,,,602048,2009-03-31
,,,,,,,,,,,,,,,,,,,,602150,2009-03-31
,,,,,,,,,,,,,,,,,,,,602356,2009-03-31
,,,,,,,,,,,,,,,,,,,,602543,2009-03-31
,,,,,,,,,,,,,,,,,,,,602842,2009-03-31
,,,,,,,,,,,,,,,,,,,,603232,2009-03-31
,,,,,,,,,,,,,,,,,,,,603540,2009-03-31
,,,,,,,,,,,,,,,,,,,,603559,2009-03-31
,,,,,,,,,,,,,,,,,,,,603755,2009-03-31
,,,,,,,,,,,,,,,,,,,,604024,2009-03-31
,,,,,,,,,,,,,,,,,,,,604033,2009-03-31
,,,,,,,,,,,,,,,,,,,,604547,2009-03-31
,,,,,,,,,,,,,,,,,,,,604556,2009-03-31
,,,,,,,,,,,,,,,,,,,,604640,2009-03-31
,,,,,,,,,,,,,,,,,,,,605133,2009-03-31
,,,,,,,,,,,,,,,,,,,,605610,2009-03-31
,,,,,,,,,,,,,,,,,,,,605656,2009-03-31
,,,,,,,,,,,,,,,,,,,,606046,2009-03-31
,,,,,,,,,,,,,,,,,,,,606073,2009-03-31
,,,,,,,,,,,,,,,,,,,,606653,2009-03-31
,,,,,,,,,,,,,,,,,,,,607146,2009-03-31
,,,,,,,,,,,,,,,,,,,,607333,2009-03-31
,,,,,,,,,,,,,,,,,,,,608358,2009-03-31
,,,,,,,,,,,,,,,,,,,,608367,2009-03-31
,,,,,,,,,,,,,,,,,,,,608451,2009-03-31
,,,,,,,,,,,,,,,,,,,,608844,2009-03-31
,,,,,,,,,,,,,,,,,,,,609010,2009-03-31
,,,,,,,,,,,,,,,,,,,,609373,2009-03-31
,,,,,,,,,,,,,,,,,,,,609467,2009-03-31
,,,,,,,,,,,,,,,,,,,,609609,2009-03-31
,,,,,,,,,,,,,,,,,,,,609645,2009-03-31
,,,,,,,,,,,,,,,,,,,,609832,2009-03-31
,,,,,,,,,,,,,,,,,,,,610128,2009-03-31
,,,,,,,,,,,,,,,,,,,,610155,2009-03-31
,,,,,,,,,,,,,,,,,,,,610164,2009-03-31
,,,,,,,,,,,,,,,,,,,,610539,2009-03-31
,,,,,,,,,,,,,,,,,,,,610557,2009-03-31
,,,,,,,,,,,,,,,,,,,,610913,2009-03-31
,,,,,,,,,,,,,,,,,,,,611031,2009-03-31
,,,,,,,,,,,,,,,,,,,,611246,2009-03-31
,,,,,,,,,,,,,,,,,,,,611451,2009-03-31
,,,,,,,,,,,,,,,,,,,,612159,2009-03-31
,,,,,,,,,,,,,,,,,,,,612346,2009-03-31
,,,,,,,,,,,,,,,,,,,,612364,2009-03-31
,,,,,,,,,,,,,,,,,,,,612551,2009-03-31
,,,,,,,,,,,,,,,,,,,,613008,2009-03-31
,,,,,,,,,,,,,,,,,,,,613156,2009-03-31
,,,,,,,,,,,,,,,,,,,,613222,2009-03-31
,,,,,,,,,,,,,,,,,,,,613334,2009-03-31
,,,,,,,,,,,,,,,,,,,,613343,2009-03-31
,,,,,,,,,,,,,,,,,,,,613400,2009-03-31
,,,,,,,,,,,,,,,,,,,,613464,2009-03-31
,,,,,,,,,,,,,,,,,,,,613558,2009-03-31
,,,,,,,,,,,,,,,,,,,,613754,2009-03-31
,,,,,,,,,,,,,,,,,,,,613839,2009-03-31
,,,,,,,,,,,,,,,,,,,,613950,2009-03-31
,,,,,,,,,,,,,,,,,,,,614256,2009-03-31
,,,,,,,,,,,,,,,,,,,,614313,2009-03-31
,,,,,,,,,,,,,,,,,,,,614340,2009-03-31
,,,,,,,,,,,,,,,,,,,,614368,2009-03-31
,,,,,,,,,,,,,,,,,,,,614751,2009-03-31
,,,,,,,,,,,,,,,,,,,,614948,2009-03-31
,,,,,,,,,,,,,,,,,,,,615217,2009-03-31
,,,,,,,,,,,,,,,,,,,,615253,2009-03-31
,,,,,,,,,,,,,,,,,,,,615459,2009-03-31
,,,,,,,,,,,,,,,,,,,,615851,2009-03-31
,,,,,,,,,,,,,,,,,,,,615954,2009-03-31
,,,,,,,,,,,,,,,,,,,,616036,2009-03-31
,,,,,,,,,,,,,,,,,,,,616148,2009-03-31
,,,,,,,,,,,,,,,,,,,,616410,2009-03-31
,,,,,,,,,,,,,,,,,,,,616540,2009-03-31
,,,,,,,,,,,,,,,,,,,,616755,2009-03-31
,,,,,,,,,,,,,,,,,,,,616849,2009-03-31
,,,,,,,,,,,,,,,,,,,,617024,2009-03-31
,,,,,,,,,,,,,,,,,,,,617051,2009-03-31
,,,,,,,,,,,,,,,,,,,,617145,2009-03-31
,,,,,,,,,,,,,,,,,,,,617275,2009-03-31
,,,,,,,,,,,,,,,,,,,,617341,2009-03-31
,,,,,,,,,,,,,,,,,,,,617538,2009-03-31
,,,,,,,,,,,,,,,,,,,,617743,2009-03-31
,,,,,,,,,,,,,,,,,,,,618544,2009-03-31
,,,,,,,,,,,,,,,,,,,,618647,2009-03-31
,,,,,,,,,,,,,,,,,,,,618740,2009-03-31
,,,,,,,,,,,,,,,,,,,,618807,2009-03-31
,,,,,,,,,,,,,,,,,,,,619327,2009-03-31
,,,,,,,,,,,,,,,,,,,,619457,2009-03-31
,,,,,,,,,,,,,,,,,,,,619701,2009-03-31
,,,,,,,,,,,,,,,,,,,,619859,2009-03-31
,,,,,,,,,,,,,,,,,,,,620015,2009-03-31
,,,,,,,,,,,,,,,,,,,,620752,2009-03-31
,,,,,,,,,,,,,,,,,,,,620930,2009-03-31
,,,,,,,,,,,,,,,,,,,,621151,2009-03-31
,,,,,,,,,,,,,,,,,,,,621245,2009-03-31
,,,,,,,,,,,,,,,,,,,,621357,2009-03-31
,,,,,,,,,,,,,,,,,,,,621375,2009-03-31
,,,,,,,,,,,,,,,,,,,,621441,2009-03-31
,,,,,,,,,,,,,,,,,,,,621674,2009-03-31
,,,,,,,,,,,,,,,,,,,,622037,2009-03-31
,,,,,,,,,,,,,,,,,,,,622653,2009-03-31
,,,,,,,,,,,,,,,,,,,,622756,2009-03-31
,,,,,,,,,,,,,,,,,,,,622774,2009-03-31
,,,,,,,,,,,,,,,,,,,,622831,2009-03-31
,,,,,,,,,,,,,,,,,,,,623052,2009-03-31
,,,,,,,,,,,,,,,,,,,,623445,2009-03-31
,,,,,,,,,,,,,,,,,,,,623454,2009-03-31
,,,,,,,,,,,,,,,,,,,,623548,2009-03-31
,,,,,,,,,,,,,,,,,,,,624152,2009-03-31
,,,,,,,,,,,,,,,,,,,,624246,2009-03-31
,,,,,,,,,,,,,,,,,,,,624563,2009-03-31
,,,,,,,,,,,,,,,,,,,,624648,2009-03-31
,,,,,,,,,,,,,,,,,,,,624956,2009-03-31
,,,,,,,,,,,,,,,,,,,,625056,2009-03-31
,,,,,,,,,,,,,,,,,,,,625065,2009-03-31
,,,,,,,,,,,,,,,,,,,,625140,2009-03-31
,,,,,,,,,,,,,,,,,,,,625159,2009-03-31
,,,,,,,,,,,,,,,,,,,,625449,2009-03-31
,,,,,,,,,,,,,,,,,,,,625654,2009-03-31
,,,,,,,,,,,,,,,,,,,,625757,2009-03-31
,,,,,,,,,,,,,,,,,,,,625850,2009-03-31
,,,,,,,,,,,,,,,,,,,,625953,2009-03-31
,,,,,,,,,,,,,,,,,,,,626101,2009-03-31
,,,,,,,,,,,,,,,,,,,,626941,2009-03-31
,,,,,,,,,,,,,,,,,,,,627108,2009-03-31
,,,,,,,,,,,,,,,,,,,,627377,2009-03-31
,,,,,,,,,,,,,,,,,,,,627407,2009-03-31
,,,,,,,,,,,,,,,,,,,,627425,2009-03-31
,,,,,,,,,,,,,,,,,,,,627658,2009-03-31
,,,,,,,,,,,,,,,,,,,,627854,2009-03-31
,,,,,,,,,,,,,,,,,,,,628039,2009-03-31
,,,,,,,,,,,,,,,,,,,,628123,2009-03-31
,,,,,,,,,,,,,,,,,,,,628178,2009-03-31
,,,,,,,,,,,,,,,,,,,,628356,2009-03-31
,,,,,,,,,,,,,,,,,,,,628552,2009-03-31
,,,,,,,,,,,,,,,,,,,,628730,2009-03-31
,,,,,,,,,,,,,,,,,,,,629148,2009-03-31
,,,,,,,,,,,,,,,,,,,,629353,2009-03-31
,,,,,,,,,,,,,,,,,,,,629522,2009-03-31
,,,,,,,,,,,,,,,,,,,,629746,2009-03-31
,,,,,,,,,,,,,,,,,,,,629849,2009-03-31
,,,,,,,,,,,,,,,,,,,,630041,2009-03-31
,,,,,,,,,,,,,,,,,,,,630340,2009-03-31
,,,,,,,,,,,,,,,,,,,,630555,2009-03-31
,,,,,,,,,,,,,,,,,,,,630658,2009-03-31
,,,,,,,,,,,,,,,,,,,,631039,2009-03-31
,,,,,,,,,,,,,,,,,,,,631150,2009-03-31
,,,,,,,,,,,,,,,,,,,,631178,2009-03-31
,,,,,,,,,,,,,,,,,,,,631422,2009-03-31
,,,,,,,,,,,,,,,,,,,,632139,2009-03-31
,,,,,,,,,,,,,,,,,,,,632410,2009-03-31
,,,,,,,,,,,,,,,,,,,,632607,2009-03-31
,,,,,,,,,,,,,,,,,,,,632858,2009-03-31
,,,,,,,,,,,,,,,,,,,,633154,2009-03-31
,,,,,,,,,,,,,,,,,,,,633341,2009-03-31
,,,,,,,,,,,,,,,,,,,,633501,2009-03-31
,,,,,,,,,,,,,,,,,,,,633640,2009-03-31
,,,,,,,,,,,,,,,,,,,,633837,2009-03-31
,,,,,,,,,,,,,,,,,,,,634272,2009-03-31
,,,,,,,,,,,,,,,,,,,,634357,2009-03-31
,,,,,,,,,,,,,,,,,,,,634544,2009-03-31
,,,,,,,,,,,,,,,,,,,,634656,2009-03-31
,,,,,,,,,,,,,,,,,,,,634731,2009-03-31
,,,,,,,,,,,,,,,,,,,,634946,2009-03-31
,,,,,,,,,,,,,,,,,,,,634955,2009-03-31
,,,,,,,,,,,,,,,,,,,,635457,2009-03-31
,,,,,,,,,,,,,,,,,,,,635840,2009-03-31
,,,,,,,,,,,,,,,,,,,,635859,2009-03-31
,,,,,,,,,,,,,,,,,,,,635907,2009-03-31
,,,,,,,,,,,,,,,,,,,,636753,2009-03-31
,,,,,,,,,,,,,,,,,,,,636771,2009-03-31
,,,,,,,,,,,,,,,,,,,,637451,2009-03-31
,,,,,,,,,,,,,,,,,,,,637554,2009-03-31
,,,,,,,,,,,,,,,,,,,,637750,2009-03-31
,,,,,,,,,,,,,,,,,,,,638047,2009-03-31
,,,,,,,,,,,,,,,,,,,,638131,2009-03-31
,,,,,,,,,,,,,,,,,,,,638346,2009-03-31
,,,,,,,,,,,,,,,,,,,,638355,2009-03-31
,,,,,,,,,,,,,,,,,,,,638850,2009-03-31
,,,,,,,,,,,,,,,,,,,,639343,2009-03-31
,,,,,,,,,,,,,,,,,,,,639549,2009-03-31
,,,,,,,,,,,,,,,,,,,,639567,2009-03-31
,,,,,,,,,,,,,,,,,,,,639633,2009-03-31
,,,,,,,,,,,,,,,,,,,,639651,2009-03-31
,,,,,,,,,,,,,,,,,,,,639857,2009-03-31
,,,,,,,,,,,,,,,,,,,,639950,2009-03-31
,,,,,,,,,,,,,,,,,,,,640143,2009-03-31
,,,,,,,,,,,,,,,,,,,,640152,2009-03-31
,,,,,,,,,,,,,,,,,,,,640246,2009-03-31
,,,,,,,,,,,,,,,,,,,,640442,2009-03-31
,,,,,,,,,,,,,,,,,,,,640554,2009-03-31
,,,,,,,,,,,,,,,,,,,,640956,2009-03-31
,,,,,,,,,,,,,,,,,,,,641047,2009-03-31
,,,,,,,,,,,,,,,,,,,,641252,2009-03-31
,,,,,,,,,,,,,,,,,,,,641355,2009-03-31
,,,,,,,,,,,,,,,,,,,,641364,2009-03-31
,,,,,,,,,,,,,,,,,,,,641449,2009-03-31
,,,,,,,,,,,,,,,,,,,,641476,2009-03-31
,,,,,,,,,,,,,,,,,,,,641579,2009-03-31
,,,,,,,,,,,,,,,,,,,,641775,2009-03-31
,,,,,,,,,,,,,,,,,,,,642259,2009-03-31
,,,,,,,,,,,,,,,,,,,,642370,2009-03-31
,,,,,,,,,,,,,,,,,,,,642437,2009-03-31
,,,,,,,,,,,,,,,,,,,,642549,2009-03-31
,,,,,,,,,,,,,,,,,,,,642857,2009-03-31
,,,,,,,,,,,,,,,,,,,,642866,2009-03-31
,,,,,,,,,,,,,,,,,,,,643274,2009-03-31
,,,,,,,,,,,,,,,,,,,,643340,2009-03-31
,,,,,,,,,,,,,,,,,,,,643368,2009-03-31
,,,,,,,,,,,,,,,,,,,,643452,2009-03-31
,,,,,,,,,,,,,,,,,,,,643546,2009-03-31
,,,,,,,,,,,,,,,,,,,,643658,2009-03-31
,,,,,,,,,,,,,,,,,,,,644057,2009-03-31
,,,,,,,,,,,,,,,,,,,,644132,2009-03-31
,,,,,,,,,,,,,,,,,,,,644141,2009-03-31
,,,,,,,,,,,,,,,,,,,,644178,2009-03-31
,,,,,,,,,,,,,,,,,,,,644440,2009-03-31
,,,,,,,,,,,,,,,,,,,,644459,2009-03-31
,,,,,,,,,,,,,,,,,,,,644646,2009-03-31
,,,,,,,,,,,,,,,,,,,,644776,2009-03-31
,,,,,,,,,,,,,,,,,,,,644842,2009-03-31
,,,,,,,,,,,,,,,,,,,,644936,2009-03-31
,,,,,,,,,,,,,,,,,,,,644963,2009-03-31
,,,,,,,,,,,,,,,,,,,,645054,2009-03-31
,,,,,,,,,,,,,,,,,,,,645157,2009-03-31
,,,,,,,,,,,,,,,,,,,,645317,2009-03-31
,,,,,,,,,,,,,,,,,,,,645465,2009-03-31
,,,,,,,,,,,,,,,,,,,,645540,2009-03-31
,,,,,,,,,,,,,,,,,,,,645625,2009-03-31
,,,,,,,,,,,,,,,,,,,,645661,2009-03-31
,,,,,,,,,,,,,,,,,,,,646042,2009-03-31
,,,,,,,,,,,,,,,,,,,,646145,2009-03-31
,,,,,,,,,,,,,,,,,,,,646444,2009-03-31
,,,,,,,,,,,,,,,,,,,,646453,2009-03-31
,,,,,,,,,,,,,,,,,,,,646471,2009-03-31
,,,,,,,,,,,,,,,,,,,,646556,2009-03-31
,,,,,,,,,,,,,,,,,,,,646743,2009-03-31
,,,,,,,,,,,,,,,,,,,,646837,2009-03-31
,,,,,,,,,,,,,,,,,,,,646958,2009-03-31
,,,,,,,,,,,,,,,,,,,,647218,2009-03-31
,,,,,,,,,,,,,,,,,,,,647245,2009-03-31
,,,,,,,,,,,,,,,,,,,,647414,2009-03-31
,,,,,,,,,,,,,,,,,,,,647432,2009-03-31
,,,,,,,,,,,,,,,,,,,,647759,2009-03-31
,,,,,,,,,,,,,,,,,,,,647955,2009-03-31
,,,,,,,,,,,,,,,,,,,,648055,2009-03-31
,,,,,,,,,,,,,,,,,,,,648130,2009-03-31
,,,,,,,,,,,,,,,,,,,,648242,2009-03-31
,,,,,,,,,,,,,,,,,,,,648251,2009-03-31
,,,,,,,,,,,,,,,,,,,,648345,2009-03-31
,,,,,,,,,,,,,,,,,,,,648550,2009-03-31
,,,,,,,,,,,,,,,,,,,,648952,2009-03-31
,,,,,,,,,,,,,,,,,,,,649342,2009-03-31
,,,,,,,,,,,,,,,,,,,,649351,2009-03-31
,,,,,,,,,,,,,,,,,,,,649632,2009-03-31
,,,,,,,,,,,,,,,,,,,,649650,2009-03-31
,,,,,,,,,,,,,,,,,,,,649874,2009-03-31
,,,,,,,,,,,,,,,,,,,,650674,2009-03-31
,,,,,,,,,,,,,,,,,,,,650955,2009-03-31
,,,,,,,,,,,,,,,,,,,,651103,2009-03-31
,,,,,,,,,,,,,,,,,,,,651121,2009-03-31
,,,,,,,,,,,,,,,,,,,,651149,2009-03-31
,,,,,,,,,,,,,,,,,,,,651158,2009-03-31
,,,,,,,,,,,,,,,,,,,,651354,2009-03-31
,,,,,,,,,,,,,,,,,,,,651448,2009-03-31
,,,,,,,,,,,,,,,,,,,,651457,2009-03-31
,,,,,,,,,,,,,,,,,,,,651541,2009-03-31
,,,,,,,,,,,,,,,,,,,,651756,2009-03-31
,,,,,,,,,,,,,,,,,,,,651859,2009-03-31
,,,,,,,,,,,,,,,,,,,,651952,2009-03-31
,,,,,,,,,,,,,,,,,,,,652043,2009-03-31
,,,,,,,,,,,,,,,,,,,,652351,2009-03-31
,,,,,,,,,,,,,,,,,,,,652445,2009-03-31
,,,,,,,,,,,,,,,,,,,,652753,2009-03-31
,,,,,,,,,,,,,,,,,,,,652874,2009-03-31
,,,,,,,,,,,,,,,,,,,,652959,2009-03-31
,,,,,,,,,,,,,,,,,,,,653134,2009-03-31
,,,,,,,,,,,,,,,,,,,,653349,2009-03-31
,,,,,,,,,,,,,,,,,,,,653433,2009-03-31
,,,,,,,,,,,,,,,,,,,,653611,2009-03-31
,,,,,,,,,,,,,,,,,,,,653648,2009-03-31
,,,,,,,,,,,,,,,,,,,,653947,2009-03-31
,,,,,,,,,,,,,,,,,,,,654047,2009-03-31
,,,,,,,,,,,,,,,,,,,,654252,2009-03-31
,,,,,,,,,,,,,,,,,,,,654300,2009-03-31
,,,,,,,,,,,,,,,,,,,,654542,2009-03-31
,,,,,,,,,,,,,,,,,,,,655156,2009-03-31
,,,,,,,,,,,,,,,,,,,,655530,2009-03-31
,,,,,,,,,,,,,,,,,,,,655651,2009-03-31
,,,,,,,,,,,,,,,,,,,,655660,2009-03-31
,,,,,,,,,,,,,,,,,,,,655839,2009-03-31
,,,,,,,,,,,,,,,,,,,,655857,2009-03-31
,,,,,,,,,,,,,,,,,,,,656032,2009-03-31
,,,,,,,,,,,,,,,,,,,,656153,2009-03-31
,,,,,,,,,,,,,,,,,,,,656247,2009-03-31
,,,,,,,,,,,,,,,,,,,,656359,2009-03-31
,,,,,,,,,,,,,,,,,,,,656470,2009-03-31
,,,,,,,,,,,,,,,,,,,,656649,2009-03-31
,,,,,,,,,,,,,,,,,,,,656658,2009-03-31
,,,,,,,,,,,,,,,,,,,,656733,2009-03-31
,,,,,,,,,,,,,,,,,,,,656742,2009-03-31
,,,,,,,,,,,,,,,,,,,,657178,2009-03-31
,,,,,,,,,,,,,,,,,,,,657365,2009-03-31
,,,,,,,,,,,,,,,,,,,,657459,2009-03-31
,,,,,,,,,,,,,,,,,,,,657758,2009-03-31
,,,,,,,,,,,,,,,,,,,,657954,2009-03-31
,,,,,,,,,,,,,,,,,,,,658540,2009-03-31
,,,,,,,,,,,,,,,,,,,,658559,2009-03-31
,,,,,,,,,,,,,,,,,,,,658924,2009-03-31
,,,,,,,,,,,,,,,,,,,,659042,2009-03-31
,,,,,,,,,,,,,,,,,,,,659257,2009-03-31
,,,,,,,,,,,,,,,,,,,,659341,2009-03-31
,,,,,,,,,,,,,,,,,,,,659453,2009-03-31
,,,,,,,,,,,,,,,,,,,,659538,2009-03-31
,,,,,,,,,,,,,,,,,,,,659556,2009-03-31
,,,,,,,,,,,,,,,,,,,,659622,2009-03-31
,,,,,,,,,,,,,,,,,,,,659640,2009-03-31
,,,,,,,,,,,,,,,,,,,,659734,2009-03-31
,,,,,,,,,,,,,,,,,,,,659855,2009-03-31
,,,,,,,,,,,,,,,,,,,,660066,2009-03-31
,,,,,,,,,,,,,,,,,,,,660253,2009-03-31
,,,,,,,,,,,,,,,,,,,,660271,2009-03-31
,,,,,,,,,,,,,,,,,,,,660570,2009-03-31
,,,,,,,,,,,,,,,,,,,,660655,2009-03-31
,,,,,,,,,,,,,,,,,,,,660927,2009-03-31
,,,,,,,,,,,,,,,,,,,,661157,2009-03-31
,,,,,,,,,,,,,,,,,,,,661223,2009-03-31
,,,,,,,,,,,,,,,,,,,,661308,2009-03-31
,,,,,,,,,,,,,,,,,,,,661858,2009-03-31
,,,,,,,,,,,,,,,,,,,,662350,2009-03-31
,,,,,,,,,,,,,,,,,,,,662369,2009-03-31
,,,,,,,,,,,,,,,,,,,,662453,2009-03-31
,,,,,,,,,,,,,,,,,,,,662556,2009-03-31
,,,,,,,,,,,,,,,,,,,,662640,2009-03-31
,,,,,,,,,,,,,,,,,,,,662659,2009-03-31
,,,,,,,,,,,,,,,,,,,,662949,2009-03-31
,,,,,,,,,,,,,,,,,,,,663058,2009-03-31
,,,,,,,,,,,,,,,,,,,,663245,2009-03-31
,,,,,,,,,,,,,,,,,,,,663450,2009-03-31
,,,,,,,,,,,,,,,,,,,,663638,2009-03-31
,,,,,,,,,,,,,,,,,,,,663647,2009-03-31
,,,,,,,,,,,,,,,,,,,,663656,2009-03-31
,,,,,,,,,,,,,,,,,,,,663722,2009-03-31
,,,,,,,,,,,,,,,,,,,,663768,2009-03-31
,,,,,,,,,,,,,,,,,,,,663834,2009-03-31
,,,,,,,,,,,,,,,,,,,,663955,2009-03-31
,,,,,,,,,,,,,,,,,,,,664206,2009-03-31
,,,,,,,,,,,,,,,,,,,,664336,2009-03-31
,,,,,,,,,,,,,,,,,,,,664457,2009-03-31
,,,,,,,,,,,,,,,,,,,,664653,2009-03-31
,,,,,,,,,,,,,,,,,,,,664756,2009-03-31
,,,,,,,,,,,,,,,,,,,,664831,2009-03-31
,,,,,,,,,,,,,,,,,,,,665146,2009-03-31
,,,,,,,,,,,,,,,,,,,,665258,2009-03-31
,,,,,,,,,,,,,,,,,,,,665865,2009-03-31
,,,,,,,,,,,,,,,,,,,,665931,2009-03-31
,,,,,,,,,,,,,,,,,,,,666031,2009-03-31
,,,,,,,,,,,,,,,,,,,,666059,2009-03-31
,,,,,,,,,,,,,,,,,,,,666273,2009-03-31
,,,,,,,,,,,,,,,,,,,,666358,2009-03-31
,,,,,,,,,,,,,,,,,,,,666554,2009-03-31
,,,,,,,,,,,,,,,,,,,,666657,2009-03-31
,,,,,,,,,,,,,,,,,,,,666844,2009-03-31
,,,,,,,,,,,,,,,,,,,,667029,2009-03-31
,,,,,,,,,,,,,,,,,,,,667252,2009-03-31
,,,,,,,,,,,,,,,,,,,,667346,2009-03-31
,,,,,,,,,,,,,,,,,,,,667458,2009-03-31
,,,,,,,,,,,,,,,,,,,,667524,2009-03-31
,,,,,,,,,,,,,,,,,,,,667551,2009-03-31
,,,,,,,,,,,,,,,,,,,,667757,2009-03-31
,,,,,,,,,,,,,,,,,,,,667832,2009-03-31
,,,,,,,,,,,,,,,,,,,,667850,2009-03-31
,,,,,,,,,,,,,,,,,,,,667869,2009-03-31
,,,,,,,,,,,,,,,,,,,,668053,2009-03-31
,,,,,,,,,,,,,,,,,,,,668147,2009-03-31
,,,,,,,,,,,,,,,,,,,,668352,2009-03-31
,,,,,,,,,,,,,,,,,,,,668848,2009-03-31
,,,,,,,,,,,,,,,,,,,,669443,2009-03-31
,,,,,,,,,,,,,,,,,,,,669555,2009-03-31
,,,,,,,,,,,,,,,,,,,,670159,2009-03-31
,,,,,,,,,,,,,,,,,,,,670421,2009-03-31
,,,,,,,,,,,,,,,,,,,,670430,2009-03-31
,,,,,,,,,,,,,,,,,,,,670467,2009-03-31
,,,,,,,,,,,,,,,,,,,,670560,2009-03-31
,,,,,,,,,,,,,,,,,,,,670654,2009-03-31
,,,,,,,,,,,,,,,,,,,,670748,2009-03-31
,,,,,,,,,,,,,,,,,,,,671053,2009-03-31
,,,,,,,,,,,,,,,,,,,,671147,2009-03-31
,,,,,,,,,,,,,,,,,,,,671334,2009-03-31
,,,,,,,,,,,,,,,,,,,,671464,2009-03-31
,,,,,,,,,,,,,,,,,,,,671558,2009-03-31
,,,,,,,,,,,,,,,,,,,,671576,2009-03-31
,,,,,,,,,,,,,,,,,,,,671857,2009-03-31
,,,,,,,,,,,,,,,,,,,,672041,2009-03-31
,,,,,,,,,,,,,,,,,,,,672238,2009-03-31
,,,,,,,,,,,,,,,,,,,,672247,2009-03-31
,,,,,,,,,,,,,,,,,,,,672359,2009-03-31
,,,,,,,,,,,,,,,,,,,,672537,2009-03-31
,,,,,,,,,,,,,,,,,,,,673132,2009-03-31
,,,,,,,,,,,,,,,,,,,,673244,2009-03-31
,,,,,,,,,,,,,,,,,,,,673431,2009-03-31
,,,,,,,,,,,,,,,,,,,,673440,2009-03-31
,,,,,,,,,,,,,,,,,,,,673851,2009-03-31
,,,,,,,,,,,,,,,,,,,,673909,2009-03-31
,,,,,,,,,,,,,,,,,,,,673963,2009-03-31
,,,,,,,,,,,,,,,,,,,,674344,2009-03-31
,,,,,,,,,,,,,,,,,,,,674849,2009-03-31
,,,,,,,,,,,,,,,,,,,,675042,2009-03-31
,,,,,,,,,,,,,,,,,,,,675051,2009-03-31
,,,,,,,,,,,,,,,,,,,,675079,2009-03-31
,,,,,,,,,,,,,,,,,,,,675248,2009-03-31
,,,,,,,,,,,,,,,,,,,,675332,2009-03-31
,,,,,,,,,,,,,,,,,,,,675341,2009-03-31
,,,,,,,,,,,,,,,,,,,,675659,2009-03-31
,,,,,,,,,,,,,,,,,,,,675855,2009-03-31
,,,,,,,,,,,,,,,,,,,,675949,2009-03-31
,,,,,,,,,,,,,,,,,,,,676049,2009-03-31
,,,,,,,,,,,,,,,,,,,,676151,2009-03-31
,,,,,,,,,,,,,,,,,,,,676160,2009-03-31
,,,,,,,,,,,,,,,,,,,,676245,2009-03-31
,,,,,,,,,,,,,,,,,,,,676656,2009-03-31
,,,,,,,,,,,,,,,,,,,,677354,2009-03-31
,,,,,,,,,,,,,,,,,,,,677448,2009-03-31
,,,,,,,,,,,,,,,,,,,,677644,2009-03-31
,,,,,,,,,,,,,,,,,,,,677756,2009-03-31
,,,,,,,,,,,,,,,,,,,,678043,2009-03-31
,,,,,,,,,,,,,,,,,,,,678052,2009-03-31
,,,,,,,,,,,,,,,,,,,,678070,2009-03-31
,,,,,,,,,,,,,,,,,,,,678258,2009-03-31
,,,,,,,,,,,,,,,,,,,,678454,2009-03-31
,,,,,,,,,,,,,,,,,,,,678557,2009-03-31
,,,,,,,,,,,,,,,,,,,,678717,2009-03-31
,,,,,,,,,,,,,,,,,,,,678744,2009-03-31
,,,,,,,,,,,,,,,,,,,,678931,2009-03-31
,,,,,,,,,,,,,,,,,,,,679246,2009-03-31
,,,,,,,,,,,,,,,,,,,,679451,2009-03-31
,,,,,,,,,,,,,,,,,,,,679648,2009-03-31
,,,,,,,,,,,,,,,,,,,,679826,2009-03-31
,,,,,,,,,,,,,,,,,,,,680055,2009-03-31
,,,,,,,,,,,,,,,,,,,,680130,2009-03-31
,,,,,,,,,,,,,,,,,,,,680149,2009-03-31
,,,,,,,,,,,,,,,,,,,,680354,2009-03-31
,,,,,,,,,,,,,,,,,,,,680457,2009-03-31
,,,,,,,,,,,,,,,,,,,,680747,2009-03-31
,,,,,,,,,,,,,,,,,,,,680813,2009-03-31
,,,,,,,,,,,,,,,,,,,,680952,2009-03-31
,,,,,,,,,,,,,,,,,,,,681043,2009-03-31
,,,,,,,,,,,,,,,,,,,,681249,2009-03-31
,,,,,,,,,,,,,,,,,,,,682143,2009-03-31
,,,,,,,,,,,,,,,,,,,,682545,2009-03-31
,,,,,,,,,,,,,,,,,,,,682563,2009-03-31
,,,,,,,,,,,,,,,,,,,,682611,2009-03-31
,,,,,,,,,,,,,,,,,,,,682648,2009-03-31
,,,,,,,,,,,,,,,,,,,,683449,2009-03-31
,,,,,,,,,,,,,,,,,,,,683814,2009-03-31
,,,,,,,,,,,,,,,,,,,,684325,2009-03-31
,,,,,,,,,,,,,,,,,,,,684455,2009-03-31
,,,,,,,,,,,,,,,,,,,,685023,2009-03-31
,,,,,,,,,,,,,,,,,,,,685368,2009-03-31
,,,,,,,,,,,,,,,,,,,,685555,2009-03-31
,,,,,,,,,,,,,,,,,,,,685649,2009-03-31
,,,,,,,,,,,,,,,,,,,,685658,2009-03-31
,,,,,,,,,,,,,,,,,,,,685733,2009-03-31
,,,,,,,,,,,,,,,,,,,,686271,2009-03-31
,,,,,,,,,,,,,,,,,,,,686440,2009-03-31
,,,,,,,,,,,,,,,,,,,,686459,2009-03-31
,,,,,,,,,,,,,,,,,,,,686655,2009-03-31
,,,,,,,,,,,,,,,,,,,,686758,2009-03-31
,,,,,,,,,,,,,,,,,,,,686963,2009-03-31
,,,,,,,,,,,,,,,,,,,,687009,2009-03-31
,,,,,,,,,,,,,,,,,,,,687054,2009-03-31
,,,,,,,,,,,,,,,,,,,,687250,2009-03-31
,,,,,,,,,,,,,,,,,,,,687474,2009-03-31
,,,,,,,,,,,,,,,,,,,,687830,2009-03-31
,,,,,,,,,,,,,,,,,,,,687858,2009-03-31
,,,,,,,,,,,,,,,,,,,,687951,2009-03-31
,,,,,,,,,,,,,,,,,,,,688079,2009-03-31
,,,,,,,,,,,,,,,,,,,,688257,2009-03-31
,,,,,,,,,,,,,,,,,,,,688453,2009-03-31
,,,,,,,,,,,,,,,,,,,,688556,2009-03-31
,,,,,,,,,,,,,,,,,,,,689209,2009-03-31
,,,,,,,,,,,,,,,,,,,,689302,2009-03-31
,,,,,,,,,,,,,,,,,,,,689357,2009-03-31
,,,,,,,,,,,,,,,,,,,,689740,2009-03-31
,,,,,,,,,,,,,,,,,,,,689759,2009-03-31
,,,,,,,,,,,,,,,,,,,,691042,2009-03-31
,,,,,,,,,,,,,,,,,,,,691079,2009-03-31
,,,,,,,,,,,,,,,,,,,,691556,2009-03-31
,,,,,,,,,,,,,,,,,,,,691743,2009-03-31
,,,,,,,,,,,,,,,,,,,,691958,2009-03-31
,,,,,,,,,,,,,,,,,,,,692450,2009-03-31
,,,,,,,,,,,,,,,,,,,,692478,2009-03-31
,,,,,,,,,,,,,,,,,,,,692704,2009-03-31
,,,,,,,,,,,,,,,,,,,,692946,2009-03-31
,,,,,,,,,,,,,,,,,,,,693224,2009-03-31
,,,,,,,,,,,,,,,,,,,,693345,2009-03-31
,,,,,,,,,,,,,,,,,,,,693662,2009-03-31
,,,,,,,,,,,,,,,,,,,,693952,2009-03-31
,,,,,,,,,,,,,,,,,,,,694146,2009-03-31
,,,,,,,,,,,,,,,,,,,,694771,2009-03-31
,,,,,,,,,,,,,,,,,,,,694847,2009-03-31
,,,,,,,,,,,,,,,,,,,,694904,2009-03-31
,,,,,,,,,,,,,,,,,,,,695134,2009-03-31
,,,,,,,,,,,,,,,,,,,,695349,2009-03-31
,,,,,,,,,,,,,,,,,,,,695648,2009-03-31
,,,,,,,,,,,,,,,,,,,,695705,2009-03-31
,,,,,,,,,,,,,,,,,,,,695732,2009-03-31
,,,,,,,,,,,,,,,,,,,,695947,2009-03-31
,,,,,,,,,,,,,,,,,,,,696047,2009-03-31
,,,,,,,,,,,,,,,,,,,,696168,2009-03-31
,,,,,,,,,,,,,,,,,,,,696430,2009-03-31
,,,,,,,,,,,,,,,,,,,,696551,2009-03-31
,,,,,,,,,,,,,,,,,,,,696645,2009-03-31
,,,,,,,,,,,,,,,,,,,,697035,2009-03-31
,,,,,,,,,,,,,,,,,,,,697147,2009-03-31
,,,,,,,,,,,,,,,,,,,,697156,2009-03-31
,,,,,,,,,,,,,,,,,,,,697231,2009-03-31
,,,,,,,,,,,,,,,,,,,,697633,2009-03-31
,,,,,,,,,,,,,,,,,,,,697754,2009-03-31
,,,,,,,,,,,,,,,,,,,,697763,2009-03-31
,,,,,,,,,,,,,,,,,,,,697950,2009-03-31
,,,,,,,,,,,,,,,,,,,,697978,2009-03-31
,,,,,,,,,,,,,,,,,,,,698144,2009-03-31
,,,,,,,,,,,,,,,,,,,,698322,2009-03-31
,,,,,,,,,,,,,,,,,,,,698546,2009-03-31
,,,,,,,,,,,,,,,,,,,,698649,2009-03-31
,,,,,,,,,,,,,,,,,,,,698957,2009-03-31
,,,,,,,,,,,,,,,,,,,,699105,2009-03-31
,,,,,,,,,,,,,,,,,,,,699132,2009-03-31
,,,,,,,,,,,,,,,,,,,,699253,2009-03-31
,,,,,,,,,,,,,,,,,,,,699534,2009-03-31
,,,,,,,,,,,,,,,,,,,,699552,2009-03-31
,,,,,,,,,,,,,,,,,,,,700140,2009-03-31
,,,,,,,,,,,,,,,,,,,,700252,2009-03-31
,,,,,,,,,,,,,,,,,,,,700337,2009-03-31
,,,,,,,,,,,,,,,,,,,,700430,2009-03-31
,,,,,,,,,,,,,,,,,,,,700458,2009-03-31
,,,,,,,,,,,,,,,,,,,,700672,2009-03-31
,,,,,,,,,,,,,,,,,,,,700739,2009-03-31
,,,,,,,,,,,,,,,,,,,,701062,2009-03-31
,,,,,,,,,,,,,,,,,,,,701222,2009-03-31
,,,,,,,,,,,,,,,,,,,,701259,2009-03-31
,,,,,,,,,,,,,,,,,,,,701736,2009-03-31
,,,,,,,,,,,,,,,,,,,,701745,2009-03-31
,,,,,,,,,,,,,,,,,,,,701839,2009-03-31
,,,,,,,,,,,,,,,,,,,,701857,2009-03-31
,,,,,,,,,,,,,,,,,,,,701950,2009-03-31
,,,,,,,,,,,,,,,,,,,,702050,2009-03-31
,,,,,,,,,,,,,,,,,,,,702117,2009-03-31
,,,,,,,,,,,,,,,,,,,,702359,2009-03-31
,,,,,,,,,,,,,,,,,,,,702612,2009-03-31
,,,,,,,,,,,,,,,,,,,,702751,2009-03-31
,,,,,,,,,,,,,,,,,,,,702836,2009-03-31
,,,,,,,,,,,,,,,,,,,,702911,2009-03-31
,,,,,,,,,,,,,,,,,,,,702966,2009-03-31
,,,,,,,,,,,,,,,,,,,,703039,2009-03-31
,,,,,,,,,,,,,,,,,,,,703552,2009-03-31
,,,,,,,,,,,,,,,,,,,,703767,2009-03-31
,,,,,,,,,,,,,,,,,,,,704326,2009-03-31
,,,,,,,,,,,,,,,,,,,,704447,2009-03-31
,,,,,,,,,,,,,,,,,,,,704559,2009-03-31
,,,,,,,,,,,,,,,,,,,,704737,2009-03-31
,,,,,,,,,,,,,,,,,,,,704755,2009-03-31
,,,,,,,,,,,,,,,,,,,,705444,2009-03-31
,,,,,,,,,,,,,,,,,,,,705453,2009-03-31
,,,,,,,,,,,,,,,,,,,,705556,2009-03-31
,,,,,,,,,,,,,,,,,,,,705565,2009-03-31
,,,,,,,,,,,,,,,,,,,,705958,2009-03-31
,,,,,,,,,,,,,,,,,,,,706030,2009-03-31
,,,,,,,,,,,,,,,,,,,,706058,2009-03-31
,,,,,,,,,,,,,,,,,,,,706151,2009-03-31
,,,,,,,,,,,,,,,,,,,,706236,2009-03-31
,,,,,,,,,,,,,,,,,,,,706254,2009-03-31
,,,,,,,,,,,,,,,,,,,,706450,2009-03-31
,,,,,,,,,,,,,,,,,,,,706656,2009-03-31
,,,,,,,,,,,,,,,,,,,,707354,2009-03-31
,,,,,,,,,,,,,,,,,,,,708052,2009-03-31
,,,,,,,,,,,,,,,,,,,,708137,2009-03-31
,,,,,,,,,,,,,,,,,,,,708164,2009-03-31
,,,,,,,,,,,,,,,,,,,,708333,2009-03-31
,,,,,,,,,,,,,,,,,,,,708379,2009-03-31
,,,,,,,,,,,,,,,,,,,,708454,2009-03-31
,,,,,,,,,,,,,,,,,,,,708753,2009-03-31
,,,,,,,,,,,,,,,,,,,,709031,2009-03-31
,,,,,,,,,,,,,,,,,,,,709143,2009-03-31
,,,,,,,,,,,,,,,,,,,,709358,2009-03-31
,,,,,,,,,,,,,,,,,,,,709451,2009-03-31
,,,,,,,,,,,,,,,,,,,,709554,2009-03-31
,,,,,,,,,,,,,,,,,,,,709602,2009-03-31
,,,,,,,,,,,,,,,,,,,,709639,2009-03-31
,,,,,,,,,,,,,,,,,,,,709648,2009-03-31
,,,,,,,,,,,,,,,,,,,,709675,2009-03-31
,,,,,,,,,,,,,,,,,,,,709956,2009-03-31
,,,,,,,,,,,,,,,,,,,,710176,2009-03-31
,,,,,,,,,,,,,,,,,,,,710251,2009-03-31
,,,,,,,,,,,,,,,,,,,,710859,2009-03-31
,,,,,,,,,,,,,,,,,,,,711472,2009-03-31
,,,,,,,,,,,,,,,,,,,,711520,2009-03-31
,,,,,,,,,,,,,,,,,,,,711548,2009-03-31
,,,,,,,,,,,,,,,,,,,,711753,2009-03-31
,,,,,,,,,,,,,,,,,,,,711801,2009-03-31
,,,,,,,,,,,,,,,,,,,,711959,2009-03-31
,,,,,,,,,,,,,,,,,,,,712031,2009-03-31
,,,,,,,,,,,,,,,,,,,,712059,2009-03-31
,,,,,,,,,,,,,,,,,,,,712648,2009-03-31
,,,,,,,,,,,,,,,,,,,,712956,2009-03-31
,,,,,,,,,,,,,,,,,,,,713038,2009-03-31
,,,,,,,,,,,,,,,,,,,,713047,2009-03-31
,,,,,,,,,,,,,,,,,,,,713140,2009-03-31
,,,,,,,,,,,,,,,,,,,,713252,2009-03-31
,,,,,,,,,,,,,,,,,,,,713926,2009-03-31
,,,,,,,,,,,,,,,,,,,,714165,2009-03-31
,,,,,,,,,,,,,,,,,,,,714437,2009-03-31
,,,,,,,,,,,,,,,,,,,,714839,2009-03-31
,,,,,,,,,,,,,,,,,,,,714978,2009-03-31
,,,,,,,,,,,,,,,,,,,,715032,2009-03-31
,,,,,,,,,,,,,,,,,,,,715144,2009-03-31
,,,,,,,,,,,,,,,,,,,,715340,2009-03-31
,,,,,,,,,,,,,,,,,,,,715630,2009-03-31
,,,,,,,,,,,,,,,,,,,,715751,2009-03-31
,,,,,,,,,,,,,,,,,,,,716413,2009-03-31
,,,,,,,,,,,,,,,,,,,,716655,2009-03-31
,,,,,,,,,,,,,,,,,,,,716833,2009-03-31
,,,,,,,,,,,,,,,,,,,,716851,2009-03-31
,,,,,,,,,,,,,,,,,,,,716954,2009-03-31
,,,,,,,,,,,,,,,,,,,,717232,2009-03-31
,,,,,,,,,,,,,,,,,,,,717513,2009-03-31
,,,,,,,,,,,,,,,,,,,,717737,2009-03-31
,,,,,,,,,,,,,,,,,,,,717867,2009-03-31
,,,,,,,,,,,,,,,,,,,,717924,2009-03-31
,,,,,,,,,,,,,,,,,,,,718079,2009-03-31
,,,,,,,,,,,,,,,,,,,,718145,2009-03-31
,,,,,,,,,,,,,,,,,,,,718275,2009-03-31
,,,,,,,,,,,,,,,,,,,,718538,2009-03-31
,,,,,,,,,,,,,,,,,,,,718547,2009-03-31
,,,,,,,,,,,,,,,,,,,,718556,2009-03-31
,,,,,,,,,,,,,,,,,,,,718930,2009-03-31
,,,,,,,,,,,,,,,,,,,,719030,2009-03-31
,,,,,,,,,,,,,,,,,,,,719441,2009-03-31
,,,,,,,,,,,,,,,,,,,,719610,2009-03-31
,,,,,,,,,,,,,,,,,,,,719656,2009-03-31
,,,,,,,,,,,,,,,,,,,,719955,2009-03-31
,,,,,,,,,,,,,,,,,,,,719964,2009-03-31
,,,,,,,,,,,,,,,,,,,,720157,2009-03-31
,,,,,,,,,,,,,,,,,,,,720166,2009-03-31
,,,,,,,,,,,,,,,,,,,,720344,2009-03-31
,,,,,,,,,,,,,,,,,,,,720746,2009-03-31
,,,,,,,,,,,,,,,,,,,,720858,2009-03-31
,,,,,,,,,,,,,,,,,,,,720951,2009-03-31
,,,,,,,,,,,,,,,,,,,,721350,2009-03-31
,,,,,,,,,,,,,,,,,,,,721659,2009-03-31
,,,,,,,,,,,,,,,,,,,,721752,2009-03-31
,,,,,,,,,,,,,,,,,,,,721949,2009-03-31
,,,,,,,,,,,,,,,,,,,,722227,2009-03-31
,,,,,,,,,,,,,,,,,,,,722432,2009-03-31
,,,,,,,,,,,,,,,,,,,,722544,2009-03-31
,,,,,,,,,,,,,,,,,,,,722816,2009-03-31
,,,,,,,,,,,,,,,,,,,,723112,2009-03-31
,,,,,,,,,,,,,,,,,,,,723158,2009-03-31
,,,,,,,,,,,,,,,,,,,,723550,2009-03-31
,,,,,,,,,,,,,,,,,,,,723653,2009-03-31
,,,,,,,,,,,,,,,,,,,,723710,2009-03-31
,,,,,,,,,,,,,,,,,,,,723747,2009-03-31
,,,,,,,,,,,,,,,,,,,,723756,2009-03-31
,,,,,,,,,,,,,,,,,,,,723822,2009-03-31
,,,,,,,,,,,,,,,,,,,,723868,2009-03-31
,,,,,,,,,,,,,,,,,,,,724230,2009-03-31
,,,,,,,,,,,,,,,,,,,,724351,2009-03-31
,,,,,,,,,,,,,,,,,,,,724548,2009-03-31
,,,,,,,,,,,,,,,,,,,,724744,2009-03-31
,,,,,,,,,,,,,,,,,,,,724753,2009-03-31
,,,,,,,,,,,,,,,,,,,,724847,2009-03-31
,,,,,,,,,,,,,,,,,,,,724940,2009-03-31
,,,,,,,,,,,,,,,,,,,,725376,2009-03-31
,,,,,,,,,,,,,,,,,,,,725732,2009-03-31
,,,,,,,,,,,,,,,,,,,,725741,2009-03-31
,,,,,,,,,,,,,,,,,,,,725844,2009-03-31
,,,,,,,,,,,,,,,,,,,,725853,2009-03-31
,,,,,,,,,,,,,,,,,,,,726234,2009-03-31
,,,,,,,,,,,,,,,,,,,,726355,2009-03-31
,,,,,,,,,,,,,,,,,,,,726458,2009-03-31
,,,,,,,,,,,,,,,,,,,,726953,2009-03-31
,,,,,,,,,,,,,,,,,,,,727156,2009-03-31
,,,,,,,,,,,,,,,,,,,,727343,2009-03-31
,,,,,,,,,,,,,,,,,,,,727455,2009-03-31
,,,,,,,,,,,,,,,,,,,,727530,2009-03-31
,,,,,,,,,,,,,,,,,,,,728452,2009-03-31
,,,,,,,,,,,,,,,,,,,,728742,2009-03-31
,,,,,,,,,,,,,,,,,,,,728948,2009-03-31
,,,,,,,,,,,,,,,,,,,,728957,2009-03-31
,,,,,,,,,,,,,,,,,,,,729011,2009-03-31
,,,,,,,,,,,,,,,,,,,,729057,2009-03-31
,,,,,,,,,,,,,,,,,,,,729132,2009-03-31
,,,,,,,,,,,,,,,,,,,,729310,2009-03-31
,,,,,,,,,,,,,,,,,,,,729459,2009-03-31
,,,,,,,,,,,,,,,,,,,,729842,2009-03-31
,,,,,,,,,,,,,,,,,,,,729945,2009-03-31
,,,,,,,,,,,,,,,,,,,,730446,2009-03-31
,,,,,,,,,,,,,,,,,,,,730745,2009-03-31
,,,,,,,,,,,,,,,,,,,,730754,2009-03-31
,,,,,,,,,,,,,,,,,,,,730857,2009-03-31
,,,,,,,,,,,,,,,,,,,,731050,2009-03-31
,,,,,,,,,,,,,,,,,,,,731247,2009-03-31
,,,,,,,,,,,,,,,,,,,,731957,2009-03-31
,,,,,,,,,,,,,,,,,,,,732178,2009-03-31
,,,,,,,,,,,,,,,,,,,,732253,2009-03-31
,,,,,,,,,,,,,,,,,,,,732459,2009-03-31
,,,,,,,,,,,,,,,,,,,,732637,2009-03-31
,,,,,,,,,,,,,,,,,,,,732758,2009-03-31
,,,,,,,,,,,,,,,,,,,,732918,2009-03-31
,,,,,,,,,,,,,,,,,,,,732945,2009-03-31
,,,,,,,,,,,,,,,,,,,,732954,2009-03-31
,,,,,,,,,,,,,,,,,,,,733045,2009-03-31
,,,,,,,,,,,,,,,,,,,,733054,2009-03-31
,,,,,,,,,,,,,,,,,,,,733540,2009-03-31
,,,,,,,,,,,,,,,,,,,,733559,2009-03-31
,,,,,,,,,,,,,,,,,,,,733661,2009-03-31
,,,,,,,,,,,,,,,,,,,,733755,2009-03-31
,,,,,,,,,,,,,,,,,,,,733951,2009-03-31
,,,,,,,,,,,,,,,,,,,,734051,2009-03-31
,,,,,,,,,,,,,,,,,,,,734248,2009-03-31
,,,,,,,,,,,,,,,,,,,,734350,2009-03-31
,,,,,,,,,,,,,,,,,,,,734538,2009-03-31
,,,,,,,,,,,,,,,,,,,,734613,2009-03-31
,,,,,,,,,,,,,,,,,,,,734855,2009-03-31
,,,,,,,,,,,,,,,,,,,,734949,2009-03-31
,,,,,,,,,,,,,,,,,,,,735049,2009-03-31
,,,,,,,,,,,,,,,,,,,,735067,2009-03-31
,,,,,,,,,,,,,,,,,,,,735142,2009-03-31
,,,,,,,,,,,,,,,,,,,,735357,2009-03-31
,,,,,,,,,,,,,,,,,,,,735414,2009-03-31
,,,,,,,,,,,,,,,,,,,,735441,2009-03-31
,,,,,,,,,,,,,,,,,,,,735656,2009-03-31
,,,,,,,,,,,,,,,,,,,,735768,2009-03-31
,,,,,,,,,,,,,,,,,,,,735852,2009-03-31
,,,,,,,,,,,,,,,,,,,,736158,2009-03-31
,,,,,,,,,,,,,,,,,,,,736206,2009-03-31
,,,,,,,,,,,,,,,,,,,,736448,2009-03-31
,,,,,,,,,,,,,,,,,,,,736550,2009-03-31
,,,,,,,,,,,,,,,,,,,,736662,2009-03-31
,,,,,,,,,,,,,,,,,,,,736877,2009-03-31
,,,,,,,,,,,,,,,,,,,,737548,2009-03-31
,,,,,,,,,,,,,,,,,,,,737632,2009-03-31
,,,,,,,,,,,,,,,,,,,,737753,2009-03-31
,,,,,,,,,,,,,,,,,,,,738013,2009-03-31
,,,,,,,,,,,,,,,,,,,,738040,2009-03-31
,,,,,,,,,,,,,,,,,,,,738143,2009-03-31
,,,,,,,,,,,,,,,,,,,,738255,2009-03-31
,,,,,,,,,,,,,,,,,,,,738303,2009-03-31
,,,,,,,,,,,,,,,,,,,,738611,2009-03-31
,,,,,,,,,,,,,,,,,,,,738657,2009-03-31
,,,,,,,,,,,,,,,,,,,,738769,2009-03-31
,,,,,,,,,,,,,,,,,,,,739159,2009-03-31
,,,,,,,,,,,,,,,,,,,,739346,2009-03-31
,,,,,,,,,,,,,,,,,,,,739355,2009-03-31
,,,,,,,,,,,,,,,,,,,,739430,2009-03-31
,,,,,,,,,,,,,,,,,,,,739560,2009-03-31
,,,,,,,,,,,,,,,,,,,,739832,2009-03-31
,,,,,,,,,,,,,,,,,,,,739850,2009-03-31
,,,,,,,,,,,,,,,,,,,,740249,2009-03-31
,,,,,,,,,,,,,,,,,,,,740258,2009-03-31
,,,,,,,,,,,,,,,,,,,,740931,2009-03-31
,,,,,,,,,,,,,,,,,,,,741068,2009-03-31
,,,,,,,,,,,,,,,,,,,,741152,2009-03-31
,,,,,,,,,,,,,,,,,,,,741330,2009-03-31
,,,,,,,,,,,,,,,,,,,,741358,2009-03-31
,,,,,,,,,,,,,,,,,,,,741639,2009-03-31
,,,,,,,,,,,,,,,,,,,,741648,2009-03-31
,,,,,,,,,,,,,,,,,,,,741657,2009-03-31
,,,,,,,,,,,,,,,,,,,,741844,2009-03-31
,,,,,,,,,,,,,,,,,,,,741871,2009-03-31
,,,,,,,,,,,,,,,,,,,,741956,2009-03-31
,,,,,,,,,,,,,,,,,,,,742056,2009-03-31
,,,,,,,,,,,,,,,,,,,,742355,2009-03-31
,,,,,,,,,,,,,,,,,,,,742542,2009-03-31
,,,,,,,,,,,,,,,,,,,,742560,2009-03-31
,,,,,,,,,,,,,,,,,,,,742636,2009-03-31
,,,,,,,,,,,,,,,,,,,,742944,2009-03-31
,,,,,,,,,,,,,,,,,,,,743053,2009-03-31
,,,,,,,,,,,,,,,,,,,,743679,2009-03-31
,,,,,,,,,,,,,,,,,,,,743857,2009-03-31
,,,,,,,,,,,,,,,,,,,,743950,2009-03-31
,,,,,,,,,,,,,,,,,,,,744144,2009-03-31
,,,,,,,,,,,,,,,,,,,,744238,2009-03-31
,,,,,,,,,,,,,,,,,,,,744256,2009-03-31
,,,,,,,,,,,,,,,,,,,,744854,2009-03-31
,,,,,,,,,,,,,,,,,,,,745150,2009-03-31
,,,,,,,,,,,,,,,,,,,,745347,2009-03-31
,,,,,,,,,,,,,,,,,,,,745570,2009-03-31
,,,,,,,,,,,,,,,,,,,,745646,2009-03-31
,,,,,,,,,,,,,,,,,,,,745954,2009-03-31
,,,,,,,,,,,,,,,,,,,,746054,2009-03-31
,,,,,,,,,,,,,,,,,,,,746157,2009-03-31
,,,,,,,,,,,,,,,,,,,,746223,2009-03-31
,,,,,,,,,,,,,,,,,,,,746429,2009-03-31
,,,,,,,,,,,,,,,,,,,,746513,2009-03-31
,,,,,,,,,,,,,,,,,,,,746755,2009-03-31
,,,,,,,,,,,,,,,,,,,,746942,2009-03-31
,,,,,,,,,,,,,,,,,,,,747051,2009-03-31
,,,,,,,,,,,,,,,,,,,,747257,2009-03-31
,,,,,,,,,,,,,,,,,,,,747435,2009-03-31
,,,,,,,,,,,,,,,,,,,,747743,2009-03-31
,,,,,,,,,,,,,,,,,,,,747846,2009-03-31
,,,,,,,,,,,,,,,,,,,,748254,2009-03-31
,,,,,,,,,,,,,,,,,,,,748357,2009-03-31
,,,,,,,,,,,,,,,,,,,,748441,2009-03-31
,,,,,,,,,,,,,,,,,,,,748964,2009-03-31
,,,,,,,,,,,,,,,,,,,,749046,2009-03-31
,,,,,,,,,,,,,,,,,,,,749242,2009-03-31
,,,,,,,,,,,,,,,,,,,,749550,2009-03-31
,,,,,,,,,,,,,,,,,,,,749635,2009-03-31
,,,,,,,,,,,,,,,,,,,,749840,2009-03-31
,,,,,,,,,,,,,,,,,,,,749943,2009-03-31
,,,,,,,,,,,,,,,,,,,,749952,2009-03-31
,,,,,,,,,,,,,,,,,,,,750051,2009-03-31
,,,,,,,,,,,,,,,,,,,,750127,2009-03-31
,,,,,,,,,,,,,,,,,,,,750154,2009-03-31
,,,,,,,,,,,,,,,,,,,,750239,2009-03-31
,,,,,,,,,,,,,,,,,,,,750305,2009-03-31
,,,,,,,,,,,,,,,,,,,,750341,2009-03-31
,,,,,,,,,,,,,,,,,,,,750444,2009-03-31
,,,,,,,,,,,,,,,,,,,,750846,2009-03-31
,,,,,,,,,,,,,,,,,,,,750864,2009-03-31
,,,,,,,,,,,,,,,,,,,,751254,2009-03-31
,,,,,,,,,,,,,,,,,,,,751656,2009-03-31
,,,,,,,,,,,,,,,,,,,,751759,2009-03-31
,,,,,,,,,,,,,,,,,,,,751852,2009-03-31
,,,,,,,,,,,,,,,,,,,,751955,2009-03-31
,,,,,,,,,,,,,,,,,,,,752644,2009-03-31
,,,,,,,,,,,,,,,,,,,,752653,2009-03-31
,,,,,,,,,,,,,,,,,,,,752831,2009-03-31
,,,,,,,,,,,,,,,,,,,,752970,2009-03-31
,,,,,,,,,,,,,,,,,,,,753052,2009-03-31
,,,,,,,,,,,,,,,,,,,,753324,2009-03-31
,,,,,,,,,,,,,,,,,,,,753548,2009-03-31
,,,,,,,,,,,,,,,,,,,,753641,2009-03-31
,,,,,,,,,,,,,,,,,,,,753856,2009-03-31
,,,,,,,,,,,,,,,,,,,,754068,2009-03-31
,,,,,,,,,,,,,,,,,,,,754246,2009-03-31
,,,,,,,,,,,,,,,,,,,,754433,2009-03-31
,,,,,,,,,,,,,,,,,,,,754536,2009-03-31
,,,,,,,,,,,,,,,,,,,,754826,2009-03-31
,,,,,,,,,,,,,,,,,,,,754853,2009-03-31
,,,,,,,,,,,,,,,,,,,,754929,2009-03-31
,,,,,,,,,,,,,,,,,,,,755047,2009-03-31
,,,,,,,,,,,,,,,,,,,,755252,2009-03-31
,,,,,,,,,,,,,,,,,,,,755421,2009-03-31
,,,,,,,,,,,,,,,,,,,,755458,2009-03-31
,,,,,,,,,,,,,,,,,,,,755850,2009-03-31
,,,,,,,,,,,,,,,,,,,,756343,2009-03-31
,,,,,,,,,,,,,,,,,,,,756848,2009-03-31
,,,,,,,,,,,,,,,,,,,,757377,2009-03-31
,,,,,,,,,,,,,,,,,,,,757452,2009-03-31
,,,,,,,,,,,,,,,,,,,,757612,2009-03-31
,,,,,,,,,,,,,,,,,,,,757779,2009-03-31
,,,,,,,,,,,,,,,,,,,,758703,2009-03-31
,,,,,,,,,,,,,,,,,,,,758842,2009-03-31
,,,,,,,,,,,,,,,,,,,,758851,2009-03-31
,,,,,,,,,,,,,,,,,,,,759045,2009-03-31
,,,,,,,,,,,,,,,,,,,,759250,2009-03-31
,,,,,,,,,,,,,,,,,,,,759540,2009-03-31
,,,,,,,,,,,,,,,,,,,,759625,2009-03-31
,,,,,,,,,,,,,,,,,,,,760108,2009-03-31
,,,,,,,,,,,,,,,,,,,,760210,2009-03-31
,,,,,,,,,,,,,,,,,,,,760331,2009-03-31
,,,,,,,,,,,,,,,,,,,,760340,2009-03-31
,,,,,,,,,,,,,,,,,,,,760434,2009-03-31
,,,,,,,,,,,,,,,,,,,,760649,2009-03-31
,,,,,,,,,,,,,,,,,,,,760854,2009-03-31
,,,,,,,,,,,,,,,,,,,,760939,2009-03-31
,,,,,,,,,,,,,,,,,,,,760957,2009-03-31
,,,,,,,,,,,,,,,,,,,,761178,2009-03-31
,,,,,,,,,,,,,,,,,,,,761244,2009-03-31
,,,,,,,,,,,,,,,,,,,,761347,2009-03-31
,,,,,,,,,,,,,,,,,,,,761459,2009-03-31
,,,,,,,,,,,,,,,,,,,,761543,2009-03-31
,,,,,,,,,,,,,,,,,,,,761806,2009-03-31
,,,,,,,,,,,,,,,,,,,,761833,2009-03-31
,,,,,,,,,,,,,,,,,,,,761851,2009-03-31
,,,,,,,,,,,,,,,,,,,,761954,2009-03-31
,,,,,,,,,,,,,,,,,,,,762045,2009-03-31
,,,,,,,,,,,,,,,,,,,,762054,2009-03-31
,,,,,,,,,,,,,,,,,,,,762353,2009-03-31
,,,,,,,,,,,,,,,,,,,,762447,2009-03-31
,,,,,,,,,,,,,,,,,,,,762625,2009-03-31
,,,,,,,,,,,,,,,,,,,,763211,2009-03-31
,,,,,,,,,,,,,,,,,,,,763556,2009-03-31
,,,,,,,,,,,,,,,,,,,,763752,2009-03-31
,,,,,,,,,,,,,,,,,,,,763930,2009-03-31
,,,,,,,,,,,,,,,,,,,,764030,2009-03-31
,,,,,,,,,,,,,,,,,,,,764058,2009-03-31
,,,,,,,,,,,,,,,,,,,,764067,2009-03-31
,,,,,,,,,,,,,,,,,,,,764142,2009-03-31
,,,,,,,,,,,,,,,,,,,,764151,2009-03-31
,,,,,,,,,,,,,,,,,,,,764441,2009-03-31
,,,,,,,,,,,,,,,,,,,,764647,2009-03-31
,,,,,,,,,,,,,,,,,,,,764816,2009-03-31
,,,,,,,,,,,,,,,,,,,,764843,2009-03-31
,,,,,,,,,,,,,,,,,,,,764982,2009-03-31
,,,,,,,,,,,,,,,,,,,,765019,2009-03-31
,,,,,,,,,,,,,,,,,,,,765046,2009-03-31
,,,,,,,,,,,,,,,,,,,,765130,2009-03-31
,,,,,,,,,,,,,,,,,,,,765318,2009-03-31
,,,,,,,,,,,,,,,,,,,,765354,2009-03-31
,,,,,,,,,,,,,,,,,,,,765505,2009-03-31
,,,,,,,,,,,,,,,,,,,,765662,2009-03-31
,,,,,,,,,,,,,,,,,,,,766052,2009-03-31
,,,,,,,,,,,,,,,,,,,,766164,2009-03-31
,,,,,,,,,,,,,,,,,,,,766258,2009-03-31
,,,,,,,,,,,,,,,,,,,,766735,2009-03-31
,,,,,,,,,,,,,,,,,,,,767040,2009-03-31
,,,,,,,,,,,,,,,,,,,,767152,2009-03-31
,,,,,,,,,,,,,,,,,,,,767246,2009-03-31
,,,,,,,,,,,,,,,,,,,,767255,2009-03-31
,,,,,,,,,,,,,,,,,,,,767554,2009-03-31
,,,,,,,,,,,,,,,,,,,,767611,2009-03-31
,,,,,,,,,,,,,,,,,,,,767705,2009-03-31
,,,,,,,,,,,,,,,,,,,,767732,2009-03-31
,,,,,,,,,,,,,,,,,,,,767769,2009-03-31
,,,,,,,,,,,,,,,,,,,,767817,2009-03-31
,,,,,,,,,,,,,,,,,,,,768074,2009-03-31
,,,,,,,,,,,,,,,,,,,,768252,2009-03-31
,,,,,,,,,,,,,,,,,,,,768458,2009-03-31
,,,,,,,,,,,,,,,,,,,,768953,2009-03-31
,,,,,,,,,,,,,,,,,,,,769156,2009-03-31
,,,,,,,,,,,,,,,,,,,,769334,2009-03-31
,,,,,,,,,,,,,,,,,,,,770068,2009-03-31
,,,,,,,,,,,,,,,,,,,,770367,2009-03-31
,,,,,,,,,,,,,,,,,,,,770433,2009-03-31
,,,,,,,,,,,,,,,,,,,,770451,2009-03-31
,,,,,,,,,,,,,,,,,,,,770545,2009-03-31
,,,,,,,,,,,,,,,,,,,,770639,2009-03-31
,,,,,,,,,,,,,,,,,,,,770657,2009-03-31
,,,,,,,,,,,,,,,,,,,,770853,2009-03-31
,,,,,,,,,,,,,,,,,,,,771047,2009-03-31
,,,,,,,,,,,,,,,,,,,,771140,2009-03-31
,,,,,,,,,,,,,,,,,,,,771458,2009-03-31
,,,,,,,,,,,,,,,,,,,,771609,2009-03-31
,,,,,,,,,,,,,,,,,,,,771636,2009-03-31
,,,,,,,,,,,,,,,,,,,,771748,2009-03-31
,,,,,,,,,,,,,,,,,,,,772008,2009-03-31
,,,,,,,,,,,,,,,,,,,,772240,2009-03-31
,,,,,,,,,,,,,,,,,,,,772446,2009-03-31
,,,,,,,,,,,,,,,,,,,,772558,2009-03-31
,,,,,,,,,,,,,,,,,,,,772745,2009-03-31
,,,,,,,,,,,,,,,,,,,,772754,2009-03-31
,,,,,,,,,,,,,,,,,,,,773032,2009-03-31
,,,,,,,,,,,,,,,,,,,,773247,2009-03-31
,,,,,,,,,,,,,,,,,,,,773443,2009-03-31
,,,,,,,,,,,,,,,,,,,,773546,2009-03-31
,,,,,,,,,,,,,,,,,,,,773742,2009-03-31
,,,,,,,,,,,,,,,,,,,,774105,2009-03-31
,,,,,,,,,,,,,,,,,,,,774132,2009-03-31
,,,,,,,,,,,,,,,,,,,,774235,2009-03-31
,,,,,,,,,,,,,,,,,,,,774253,2009-03-31
,,,,,,,,,,,,,,,,,,,,774262,2009-03-31
,,,,,,,,,,,,,,,,,,,,774347,2009-03-31
,,,,,,,,,,,,,,,,,,,,774655,2009-03-31
,,,,,,,,,,,,,,,,,,,,774851,2009-03-31
,,,,,,,,,,,,,,,,,,,,775054,2009-03-31
,,,,,,,,,,,,,,,,,,,,775214,2009-03-31
,,,,,,,,,,,,,,,,,,,,775241,2009-03-31
,,,,,,,,,,,,,,,,,,,,775456,2009-03-31
,,,,,,,,,,,,,,,,,,,,775540,2009-03-31
,,,,,,,,,,,,,,,,,,,,775755,2009-03-31
,,,,,,,,,,,,,,,,,,,,776248,2009-03-31
,,,,,,,,,,,,,,,,,,,,776275,2009-03-31
,,,,,,,,,,,,,,,,,,,,776350,2009-03-31
,,,,,,,,,,,,,,,,,,,,776369,2009-03-31
,,,,,,,,,,,,,,,,,,,,776547,2009-03-31
,,,,,,,,,,,,,,,,,,,,776659,2009-03-31
,,,,,,,,,,,,,,,,,,,,776734,2009-03-31
,,,,,,,,,,,,,,,,,,,,776752,2009-03-31
,,,,,,,,,,,,,,,,,,,,777254,2009-03-31
,,,,,,,,,,,,,,,,,,,,777366,2009-03-31
,,,,,,,,,,,,,,,,,,,,777441,2009-03-31
,,,,,,,,,,,,,,,,,,,,777553,2009-03-31
,,,,,,,,,,,,,,,,,,,,777870,2009-03-31
,,,,,,,,,,,,,,,,,,,,777964,2009-03-31
,,,,,,,,,,,,,,,,,,,,778466,2009-03-31
,,,,,,,,,,,,,,,,,,,,778738,2009-03-31
,,,,,,,,,,,,,,,,,,,,779016,2009-03-31
,,,,,,,,,,,,,,,,,,,,779351,2009-03-31
,,,,,,,,,,,,,,,,,,,,779360,2009-03-31
,,,,,,,,,,,,,,,,,,,,779539,2009-03-31
,,,,,,,,,,,,,,,,,,,,779641,2009-03-31
,,,,,,,,,,,,,,,,,,,,779650,2009-03-31
,,,,,,,,,,,,,,,,,,,,779968,2009-03-31
,,,,,,,,,,,,,,,,,,,,780049,2009-03-31
,,,,,,,,,,,,,,,,,,,,780218,2009-03-31
,,,,,,,,,,,,,,,,,,,,780263,2009-03-31
,,,,,,,,,,,,,,,,,,,,780562,2009-03-31
,,,,,,,,,,,,,,,,,,,,780722,2009-03-31
,,,,,,,,,,,,,,,,,,,,780955,2009-03-31
,,,,,,,,,,,,,,,,,,,,781028,2009-03-31
,,,,,,,,,,,,,,,,,,,,782016,2009-03-31
,,,,,,,,,,,,,,,,,,,,782351,2009-03-31
,,,,,,,,,,,,,,,,,,,,782548,2009-03-31
,,,,,,,,,,,,,,,,,,,,782650,2009-03-31
,,,,,,,,,,,,,,,,,,,,783161,2009-03-31
,,,,,,,,,,,,,,,,,,,,783246,2009-03-31
,,,,,,,,,,,,,,,,,,,,783349,2009-03-31
,,,,,,,,,,,,,,,,,,,,783648,2009-03-31
,,,,,,,,,,,,,,,,,,,,783844,2009-03-31
,,,,,,,,,,,,,,,,,,,,783910,2009-03-31
,,,,,,,,,,,,,,,,,,,,783956,2009-03-31
,,,,,,,,,,,,,,,,,,,,783965,2009-03-31
,,,,,,,,,,,,,,,,,,,,784159,2009-03-31
,,,,,,,,,,,,,,,,,,,,784430,2009-03-31
,,,,,,,,,,,,,,,,,,,,784944,2009-03-31
,,,,,,,,,,,,,,,,,,,,785062,2009-03-31
,,,,,,,,,,,,,,,,,,,,785147,2009-03-31
,,,,,,,,,,,,,,,,,,,,785259,2009-03-31
,,,,,,,,,,,,,,,,,,,,785857,2009-03-31
,,,,,,,,,,,,,,,,,,,,785923,2009-03-31
,,,,,,,,,,,,,,,,,,,,785932,2009-03-31
,,,,,,,,,,,,,,,,,,,,785950,2009-03-31
,,,,,,,,,,,,,,,,,,,,786210,2009-03-31
,,,,,,,,,,,,,,,,,,,,786256,2009-03-31
,,,,,,,,,,,,,,,,,,,,786340,2009-03-31
,,,,,,,,,,,,,,,,,,,,786443,2009-03-31
,,,,,,,,,,,,,,,,,,,,786555,2009-03-31
,,,,,,,,,,,,,,,,,,,,786612,2009-03-31
,,,,,,,,,,,,,,,,,,,,786733,2009-03-31
,,,,,,,,,,,,,,,,,,,,786742,2009-03-31
,,,,,,,,,,,,,,,,,,,,786948,2009-03-31
,,,,,,,,,,,,,,,,,,,,787141,2009-03-31
,,,,,,,,,,,,,,,,,,,,787253,2009-03-31
,,,,,,,,,,,,,,,,,,,,787440,2009-03-31
,,,,,,,,,,,,,,,,,,,,787459,2009-03-31
,,,,,,,,,,,,,,,,,,,,787842,2009-03-31
,,,,,,,,,,,,,,,,,,,,788559,2009-03-31
,,,,,,,,,,,,,,,,,,,,788652,2009-03-31
,,,,,,,,,,,,,,,,,,,,789051,2009-03-31
,,,,,,,,,,,,,,,,,,,,790150,2009-03-31
,,,,,,,,,,,,,,,,,,,,790271,2009-03-31
,,,,,,,,,,,,,,,,,,,,790534,2009-03-31
,,,,,,,,,,,,,,,,,,,,790543,2009-03-31
,,,,,,,,,,,,,,,,,,,,790703,2009-03-31
,,,,,,,,,,,,,,,,,,,,790721,2009-03-31
,,,,,,,,,,,,,,,,,,,,790851,2009-03-31
,,,,,,,,,,,,,,,,,,,,790918,2009-03-31
,,,,,,,,,,,,,,,,,,,,791072,2009-03-31
,,,,,,,,,,,,,,,,,,,,791205,2009-03-31
,,,,,,,,,,,,,,,,,,,,791353,2009-03-31
,,,,,,,,,,,,,,,,,,,,791474,2009-03-31
,,,,,,,,,,,,,,,,,,,,791746,2009-03-31
,,,,,,,,,,,,,,,,,,,,791821,2009-03-31
,,,,,,,,,,,,,,,,,,,,791942,2009-03-31
,,,,,,,,,,,,,,,,,,,,792248,2009-03-31
,,,,,,,,,,,,,,,,,,,,792453,2009-03-31
,,,,,,,,,,,,,,,,,,,,792640,2009-03-31
,,,,,,,,,,,,,,,,,,,,792659,2009-03-31
,,,,,,,,,,,,,,,,,,,,792743,2009-03-31
,,,,,,,,,,,,,,,,,,,,793571,2009-03-31
,,,,,,,,,,,,,,,,,,,,794149,2009-03-31
,,,,,,,,,,,,,,,,,,,,794251,2009-03-31
,,,,,,,,,,,,,,,,,,,,794336,2009-03-31
,,,,,,,,,,,,,,,,,,,,794345,2009-03-31
,,,,,,,,,,,,,,,,,,,,794608,2009-03-31
,,,,,,,,,,,,,,,,,,,,794653,2009-03-31
,,,,,,,,,,,,,,,,,,,,795249,2009-03-31
,,,,,,,,,,,,,,,,,,,,795548,2009-03-31
,,,,,,,,,,,,,,,,,,,,795959,2009-03-31
,,,,,,,,,,,,,,,,,,,,795968,2009-03-31
,,,,,,,,,,,,,,,,,,,,796125,2009-03-31
,,,,,,,,,,,,,,,,,,,,796152,2009-03-31
,,,,,,,,,,,,,,,,,,,,796451,2009-03-31
,,,,,,,,,,,,,,,,,,,,796657,2009-03-31
,,,,,,,,,,,,,,,,,,,,796769,2009-03-31
,,,,,,,,,,,,,,,,,,,,797140,2009-03-31
,,,,,,,,,,,,,,,,,,,,797159,2009-03-31
,,,,,,,,,,,,,,,,,,,,797319,2009-03-31
,,,,,,,,,,,,,,,,,,,,797467,2009-03-31
,,,,,,,,,,,,,,,,,,,,797775,2009-03-31
,,,,,,,,,,,,,,,,,,,,798512,2009-03-31
,,,,,,,,,,,,,,,,,,,,798857,2009-03-31
,,,,,,,,,,,,,,,,,,,,799359,2009-03-31
,,,,,,,,,,,,,,,,,,,,799612,2009-03-31
,,,,,,,,,,,,,,,,,,,,799751,2009-03-31
,,,,,,,,,,,,,,,,,,,,799854,2009-03-31
,,,,,,,,,,,,,,,,,,,,799939,2009-03-31
,,,,,,,,,,,,,,,,,,,,799948,2009-03-31
,,,,,,,,,,,,,,,,,,,,800134,2009-03-31
,,,,,,,,,,,,,,,,,,,,800442,2009-03-31
,,,,,,,,,,,,,,,,,,,,800479,2009-03-31
,,,,,,,,,,,,,,,,,,,,800657,2009-03-31
,,,,,,,,,,,,,,,,,,,,800853,2009-03-31
,,,,,,,,,,,,,,,,,,,,801047,2009-03-31
,,,,,,,,,,,,,,,,,,,,801056,2009-03-31
,,,,,,,,,,,,,,,,,,,,801654,2009-03-31
,,,,,,,,,,,,,,,,,,,,802110,2009-03-31
,,,,,,,,,,,,,,,,,,,,802174,2009-03-31
,,,,,,,,,,,,,,,,,,,,802352,2009-03-31
,,,,,,,,,,,,,,,,,,,,802866,2009-03-31
,,,,,,,,,,,,,,,,,,,,803144,2009-03-31
,,,,,,,,,,,,,,,,,,,,803256,2009-03-31
,,,,,,,,,,,,,,,,,,,,803265,2009-03-31
,,,,,,,,,,,,,,,,,,,,803461,2009-03-31
,,,,,,,,,,,,,,,,,,,,803649,2009-03-31
,,,,,,,,,,,,,,,,,,,,803658,2009-03-31
,,,,,,,,,,,,,,,,,,,,803957,2009-03-31
,,,,,,,,,,,,,,,,,,,,804150,2009-03-31
,,,,,,,,,,,,,,,,,,,,804338,2009-03-31
,,,,,,,,,,,,,,,,,,,,804422,2009-03-31
,,,,,,,,,,,,,,,,,,,,804758,2009-03-31
,,,,,,,,,,,,,,,,,,,,804815,2009-03-31
,,,,,,,,,,,,,,,,,,,,804860,2009-03-31
,,,,,,,,,,,,,,,,,,,,804963,2009-03-31
,,,,,,,,,,,,,,,,,,,,805045,2009-03-31
,,,,,,,,,,,,,,,,,,,,805250,2009-03-31
,,,,,,,,,,,,,,,,,,,,805335,2009-03-31
,,,,,,,,,,,,,,,,,,,,805447,2009-03-31
,,,,,,,,,,,,,,,,,,,,805670,2009-03-31
,,,,,,,,,,,,,,,,,,,,805755,2009-03-31
,,,,,,,,,,,,,,,,,,,,805858,2009-03-31
,,,,,,,,,,,,,,,,,,,,805876,2009-03-31
,,,,,,,,,,,,,,,,,,,,806154,2009-03-31
,,,,,,,,,,,,,,,,,,,,806220,2009-03-31
,,,,,,,,,,,,,,,,,,,,806846,2009-03-31
,,,,,,,,,,,,,,,,,,,,806958,2009-03-31
,,,,,,,,,,,,,,,,,,,,807348,2009-03-31
,,,,,,,,,,,,,,,,,,,,807432,2009-03-31
,,,,,,,,,,,,,,,,,,,,807656,2009-03-31
,,,,,,,,,,,,,,,,,,,,807665,2009-03-31
,,,,,,,,,,,,,,,,,,,,807946,2009-03-31
,,,,,,,,,,,,,,,,,,,,807955,2009-03-31
,,,,,,,,,,,,,,,,,,,,808167,2009-03-31
,,,,,,,,,,,,,,,,,,,,808176,2009-03-31
,,,,,,,,,,,,,,,,,,,,808260,2009-03-31
,,,,,,,,,,,,,,,,,,,,808345,2009-03-31
,,,,,,,,,,,,,,,,,,,,808354,2009-03-31
,,,,,,,,,,,,,,,,,,,,808448,2009-03-31
,,,,,,,,,,,,,,,,,,,,808653,2009-03-31
,,,,,,,,,,,,,,,,,,,,809379,2009-03-31
,,,,,,,,,,,,,,,,,,,,809539,2009-03-31
,,,,,,,,,,,,,,,,,,,,809650,2009-03-31
,,,,,,,,,,,,,,,,,,,,809856,2009-03-31
,,,,,,,,,,,,,,,,,,,,809940,2009-03-31
,,,,,,,,,,,,,,,,,,,,810151,2009-03-31
,,,,,,,,,,,,,,,,,,,,810544,2009-03-31
,,,,,,,,,,,,,,,,,,,,810553,2009-03-31
,,,,,,,,,,,,,,,,,,,,810834,2009-03-31
,,,,,,,,,,,,,,,,,,,,810900,2009-03-31
,,,,,,,,,,,,,,,,,,,,810919,2009-03-31
,,,,,,,,,,,,,,,,,,,,811046,2009-03-31
,,,,,,,,,,,,,,,,,,,,811279,2009-03-31
,,,,,,,,,,,,,,,,,,,,811457,2009-03-31
,,,,,,,,,,,,,,,,,,,,811541,2009-03-31
,,,,,,,,,,,,,,,,,,,,811550,2009-03-31
,,,,,,,,,,,,,,,,,,,,811747,2009-03-31
,,,,,,,,,,,,,,,,,,,,811756,2009-03-31
,,,,,,,,,,,,,,,,,,,,812164,2009-03-31
,,,,,,,,,,,,,,,,,,,,812436,2009-03-31
,,,,,,,,,,,,,,,,,,,,812557,2009-03-31
,,,,,,,,,,,,,,,,,,,,812614,2009-03-31
,,,,,,,,,,,,,,,,,,,,813059,2009-03-31
,,,,,,,,,,,,,,,,,,,,813572,2009-03-31
,,,,,,,,,,,,,,,,,,,,813853,2009-03-31
,,,,,,,,,,,,,,,,,,,,813947,2009-03-31
,,,,,,,,,,,,,,,,,,,,814177,2009-03-31
,,,,,,,,,,,,,,,,,,,,814216,2009-03-31
,,,,,,,,,,,,,,,,,,,,814355,2009-03-31
,,,,,,,,,,,,,,,,,,,,814430,2009-03-31
,,,,,,,,,,,,,,,,,,,,814458,2009-03-31
,,,,,,,,,,,,,,,,,,,,814551,2009-03-31
,,,,,,,,,,,,,,,,,,,,814711,2009-03-31
,,,,,,,,,,,,,,,,,,,,814748,2009-03-31
,,,,,,,,,,,,,,,,,,,,814953,2009-03-31
,,,,,,,,,,,,,,,,,,,,815053,2009-03-31
,,,,,,,,,,,,,,,,,,,,815147,2009-03-31
,,,,,,,,,,,,,,,,,,,,815156,2009-03-31
,,,,,,,,,,,,,,,,,,,,815277,2009-03-31
,,,,,,,,,,,,,,,,,,,,815754,2009-03-31
,,,,,,,,,,,,,,,,,,,,816210,2009-03-31
,,,,,,,,,,,,,,,,,,,,816256,2009-03-31
,,,,,,,,,,,,,,,,,,,,816304,2009-03-31
,,,,,,,,,,,,,,,,,,,,816603,2009-03-31
,,,,,,,,,,,,,,,,,,,,816751,2009-03-31
,,,,,,,,,,,,,,,,,,,,816948,2009-03-31
,,,,,,,,,,,,,,,,,,,,817356,2009-03-31
,,,,,,,,,,,,,,,,,,,,817477,2009-03-31
,,,,,,,,,,,,,,,,,,,,817824,2009-03-31
,,,,,,,,,,,,,,,,,,,,818401,2009-03-31
,,,,,,,,,,,,,,,,,,,,818540,2009-03-31
,,,,,,,,,,,,,,,,,,,,818559,2009-03-31
,,,,,,,,,,,,,,,,,,,,818652,2009-03-31
,,,,,,,,,,,,,,,,,,,,819154,2009-03-31
,,,,,,,,,,,,,,,,,,,,819172,2009-03-31
,,,,,,,,,,,,,,,,,,,,819453,2009-03-31
,,,,,,,,,,,,,,,,,,,,819556,2009-03-31
,,,,,,,,,,,,,,,,,,,,819855,2009-03-31
,,,,,,,,,,,,,,,,,,,,820048,2009-03-31
,,,,,,,,,,,,,,,,,,,,820178,2009-03-31
,,,,,,,,,,,,,,,,,,,,820301,2009-03-31
,,,,,,,,,,,,,,,,,,,,820655,2009-03-31
,,,,,,,,,,,,,,,,,,,,820842,2009-03-31
,,,,,,,,,,,,,,,,,,,,821036,2009-03-31
,,,,,,,,,,,,,,,,,,,,821120,2009-03-31
,,,,,,,,,,,,,,,,,,,,821157,2009-03-31
,,,,,,,,,,,,,,,,,,,,821278,2009-03-31
,,,,,,,,,,,,,,,,,,,,821456,2009-03-31
,,,,,,,,,,,,,,,,,,,,821559,2009-03-31
,,,,,,,,,,,,,,,,,,,,821643,2009-03-31
,,,,,,,,,,,,,,,,,,,,821652,2009-03-31
,,,,,,,,,,,,,,,,,,,,821906,2009-03-31
,,,,,,,,,,,,,,,,,,,,822042,2009-03-31
,,,,,,,,,,,,,,,,,,,,822051,2009-03-31
,,,,,,,,,,,,,,,,,,,,822145,2009-03-31
,,,,,,,,,,,,,,,,,,,,822154,2009-03-31
,,,,,,,,,,,,,,,,,,,,822257,2009-03-31
,,,,,,,,,,,,,,,,,,,,822408,2009-03-31
,,,,,,,,,,,,,,,,,,,,822529,2009-03-31
,,,,,,,,,,,,,,,,,,,,822556,2009-03-31
,,,,,,,,,,,,,,,,,,,,822631,2009-03-31
,,,,,,,,,,,,,,,,,,,,822846,2009-03-31
,,,,,,,,,,,,,,,,,,,,823133,2009-03-31
,,,,,,,,,,,,,,,,,,,,823142,2009-03-31
,,,,,,,,,,,,,,,,,,,,823450,2009-03-31
,,,,,,,,,,,,,,,,,,,,823553,2009-03-31
,,,,,,,,,,,,,,,,,,,,823638,2009-03-31
,,,,,,,,,,,,,,,,,,,,823656,2009-03-31
,,,,,,,,,,,,,,,,,,,,824000,2009-03-31
,,,,,,,,,,,,,,,,,,,,824242,2009-03-31
,,,,,,,,,,,,,,,,,,,,824550,2009-03-31
,,,,,,,,,,,,,,,,,,,,824653,2009-03-31
,,,,,,,,,,,,,,,,,,,,824738,2009-03-31
,,,,,,,,,,,,,,,,,,,,825146,2009-03-31
,,,,,,,,,,,,,,,,,,,,825454,2009-03-31
,,,,,,,,,,,,,,,,,,,,825548,2009-03-31
,,,,,,,,,,,,,,,,,,,,825753,2009-03-31
,,,,,,,,,,,,,,,,,,,,825847,2009-03-31
,,,,,,,,,,,,,,,,,,,,825940,2009-03-31
,,,,,,,,,,,,,,,,,,,,825977,2009-03-31
,,,,,,,,,,,,,,,,,,,,826255,2009-03-31
,,,,,,,,,,,,,,,,,,,,826451,2009-03-31
,,,,,,,,,,,,,,,,,,,,826648,2009-03-31
,,,,,,,,,,,,,,,,,,,,826956,2009-03-31
,,,,,,,,,,,,,,,,,,,,827346,2009-03-31
,,,,,,,,,,,,,,,,,,,,827355,2009-03-31
,,,,,,,,,,,,,,,,,,,,827458,2009-03-31
,,,,,,,,,,,,,,,,,,,,827560,2009-03-31
,,,,,,,,,,,,,,,,,,,,827953,2009-03-31
,,,,,,,,,,,,,,,,,,,,827971,2009-03-31
,,,,,,,,,,,,,,,,,,,,828053,2009-03-31
,,,,,,,,,,,,,,,,,,,,828110,2009-03-31
,,,,,,,,,,,,,,,,,,,,828651,2009-03-31
,,,,,,,,,,,,,,,,,,,,828745,2009-03-31
,,,,,,,,,,,,,,,,,,,,829032,2009-03-31
,,,,,,,,,,,,,,,,,,,,829041,2009-03-31
,,,,,,,,,,,,,,,,,,,,829050,2009-03-31
,,,,,,,,,,,,,,,,,,,,829256,2009-03-31
,,,,,,,,,,,,,,,,,,,,829452,2009-03-31
,,,,,,,,,,,,,,,,,,,,830113,2009-03-31
,,,,,,,,,,,,,,,,,,,,830168,2009-03-31
,,,,,,,,,,,,,,,,,,,,830252,2009-03-31
,,,,,,,,,,,,,,,,,,,,830355,2009-03-31
,,,,,,,,,,,,,,,,,,,,830542,2009-03-31
,,,,,,,,,,,,,,,,,,,,830645,2009-03-31
,,,,,,,,,,,,,,,,,,,,830748,2009-03-31
,,,,,,,,,,,,,,,,,,,,831008,2009-03-31
,,,,,,,,,,,,,,,,,,,,831044,2009-03-31
,,,,,,,,,,,,,,,,,,,,831053,2009-03-31
,,,,,,,,,,,,,,,,,,,,831352,2009-03-31
,,,,,,,,,,,,,,,,,,,,831549,2009-03-31
,,,,,,,,,,,,,,,,,,,,831576,2009-03-31
,,,,,,,,,,,,,,,,,,,,831642,2009-03-31
,,,,,,,,,,,,,,,,,,,,831857,2009-03-31
,,,,,,,,,,,,,,,,,,,,831941,2009-03-31
,,,,,,,,,,,,,,,,,,,,832377,2009-03-31
,,,,,,,,,,,,,,,,,,,,832470,2009-03-31
,,,,,,,,,,,,,,,,,,,,832528,2009-03-31
,,,,,,,,,,,,,,,,,,,,832546,2009-03-31
,,,,,,,,,,,,,,,,,,,,833271,2009-03-31
,,,,,,,,,,,,,,,,,,,,833404,2009-03-31
,,,,,,,,,,,,,,,,,,,,833646,2009-03-31
,,,,,,,,,,,,,,,,,,,,833749,2009-03-31
,,,,,,,,,,,,,,,,,,,,833758,2009-03-31
,,,,,,,,,,,,,,,,,,,,833851,2009-03-31
,,,,,,,,,,,,,,,,,,,,834045,2009-03-31
,,,,,,,,,,,,,,,,,,,,834755,2009-03-31
,,,,,,,,,,,,,,,,,,,,834979,2009-03-31
,,,,,,,,,,,,,,,,,,,,835257,2009-03-31
,,,,,,,,,,,,,,,,,,,,835378,2009-03-31
,,,,,,,,,,,,,,,,,,,,835444,2009-03-31
,,,,,,,,,,,,,,,,,,,,835613,2009-03-31
,,,,,,,,,,,,,,,,,,,,835659,2009-03-31
,,,,,,,,,,,,,,,,,,,,835743,2009-03-31
,,,,,,,,,,,,,,,,,,,,835958,2009-03-31
,,,,,,,,,,,,,,,,,,,,836151,2009-03-31
,,,,,,,,,,,,,,,,,,,,836544,2009-03-31
,,,,,,,,,,,,,,,,,,,,836656,2009-03-31
,,,,,,,,,,,,,,,,,,,,836843,2009-03-31
,,,,,,,,,,,,,,,,,,,,836852,2009-03-31
,,,,,,,,,,,,,,,,,,,,837000,2009-03-31
,,,,,,,,,,,,,,,,,,,,837037,2009-03-31
,,,,,,,,,,,,,,,,,,,,837046,2009-03-31
,,,,,,,,,,,,,,,,,,,,837149,2009-03-31
,,,,,,,,,,,,,,,,,,,,837158,2009-03-31
,,,,,,,,,,,,,,,,,,,,837260,2009-03-31
,,,,,,,,,,,,,,,,,,,,837354,2009-03-31
,,,,,,,,,,,,,,,,,,,,837448,2009-03-31
,,,,,,,,,,,,,,,,,,,,837541,2009-03-31
,,,,,,,,,,,,,,,,,,,,837550,2009-03-31
,,,,,,,,,,,,,,,,,,,,837653,2009-03-31
,,,,,,,,,,,,,,,,,,,,837840,2009-03-31
,,,,,,,,,,,,,,,,,,,,837952,2009-03-31
,,,,,,,,,,,,,,,,,,,,838155,2009-03-31
,,,,,,,,,,,,,,,,,,,,838632,2009-03-31
,,,,,,,,,,,,,,,,,,,,839068,2009-03-31
,,,,,,,,,,,,,,,,,,,,839246,2009-03-31
,,,,,,,,,,,,,,,,,,,,839255,2009-03-31
,,,,,,,,,,,,,,,,,,,,839817,2009-03-31
,,,,,,,,,,,,,,,,,,,,840019,2009-03-31
,,,,,,,,,,,,,,,,,,,,840251,2009-03-31
,,,,,,,,,,,,,,,,,,,,840354,2009-03-31
,,,,,,,,,,,,,,,,,,,,840363,2009-03-31
,,,,,,,,,,,,,,,,,,,,840578,2009-03-31
,,,,,,,,,,,,,,,,,,,,840747,2009-03-31
,,,,,,,,,,,,,,,,,,,,841052,2009-03-31
,,,,,,,,,,,,,,,,,,,,841436,2009-03-31
,,,,,,,,,,,,,,,,,,,,841472,2009-03-31
,,,,,,,,,,,,,,,,,,,,841539,2009-03-31
,,,,,,,,,,,,,,,,,,,,841753,2009-03-31
,,,,,,,,,,,,,,,,,,,,841838,2009-03-31
,,,,,,,,,,,,,,,,,,,,841865,2009-03-31
,,,,,,,,,,,,,,,,,,,,842004,2009-03-31
,,,,,,,,,,,,,,,,,,,,842031,2009-03-31
,,,,,,,,,,,,,,,,,,,,842116,2009-03-31
,,,,,,,,,,,,,,,,,,,,842358,2009-03-31
,,,,,,,,,,,,,,,,,,,,842376,2009-03-31
,,,,,,,,,,,,,,,,,,,,842460,2009-03-31
,,,,,,,,,,,,,,,,,,,,842853,2009-03-31
,,,,,,,,,,,,,,,,,,,,843159,2009-03-31
,,,,,,,,,,,,,,,,,,,,843270,2009-03-31
,,,,,,,,,,,,,,,,,,,,843542,2009-03-31
,,,,,,,,,,,,,,,,,,,,843935,2009-03-31
,,,,,,,,,,,,,,,,,,,,843953,2009-03-31
,,,,,,,,,,,,,,,,,,,,844053,2009-03-31
,,,,,,,,,,,,,,,,,,,,844138,2009-03-31
,,,,,,,,,,,,,,,,,,,,844343,2009-03-31
,,,,,,,,,,,,,,,,,,,,844455,2009-03-31
,,,,,,,,,,,,,,,,,,,,844567,2009-03-31
,,,,,,,,,,,,,,,,,,,,845247,2009-03-31
,,,,,,,,,,,,,,,,,,,,845443,2009-03-31
,,,,,,,,,,,,,,,,,,,,845452,2009-03-31
,,,,,,,,,,,,,,,,,,,,846132,2009-03-31
,,,,,,,,,,,,,,,,,,,,846356,2009-03-31
,,,,,,,,,,,,,,,,,,,,846619,2009-03-31
,,,,,,,,,,,,,,,,,,,,846945,2009-03-31
,,,,,,,,,,,,,,,,,,,,847157,2009-03-31
,,,,,,,,,,,,,,,,,,,,847540,2009-03-31
,,,,,,,,,,,,,,,,,,,,848248,2009-03-31
,,,,,,,,,,,,,,,,,,,,848453,2009-03-31
,,,,,,,,,,,,,,,,,,,,848752,2009-03-31
,,,,,,,,,,,,,,,,,,,,849348,2009-03-31
,,,,,,,,,,,,,,,,,,,,849357,2009-03-31
,,,,,,,,,,,,,,,,,,,,849432,2009-03-31
,,,,,,,,,,,,,,,,,,,,849450,2009-03-31
,,,,,,,,,,,,,,,,,,,,849647,2009-03-31
,,,,,,,,,,,,,,,,,,,,849665,2009-03-31
,,,,,,,,,,,,,,,,,,,,849777,2009-03-31
,,,,,,,,,,,,,,,,,,,,849834,2009-03-31
,,,,,,,,,,,,,,,,,,,,850036,2009-03-31
,,,,,,,,,,,,,,,,,,,,850054,2009-03-31
,,,,,,,,,,,,,,,,,,,,850456,2009-03-31
,,,,,,,,,,,,,,,,,,,,850616,2009-03-31
,,,,,,,,,,,,,,,,,,,,851060,2009-03-31
,,,,,,,,,,,,,,,,,,,,851239,2009-03-31
,,,,,,,,,,,,,,,,,,,,851631,2009-03-31
,,,,,,,,,,,,,,,,,,,,852133,2009-03-31
,,,,,,,,,,,,,,,,,,,,852218,2009-03-31
,,,,,,,,,,,,,,,,,,,,852254,2009-03-31
,,,,,,,,,,,,,,,,,,,,852263,2009-03-31
,,,,,,,,,,,,,,,,,,,,852320,2009-03-31
,,,,,,,,,,,,,,,,,,,,852357,2009-03-31
,,,,,,,,,,,,,,,,,,,,852544,2009-03-31
,,,,,,,,,,,,,,,,,,,,852704,2009-03-31
,,,,,,,,,,,,,,,,,,,,852713,2009-03-31
,,,,,,,,,,,,,,,,,,,,852973,2009-03-31
,,,,,,,,,,,,,,,,,,,,853112,2009-03-31
,,,,,,,,,,,,,,,,,,,,853158,2009-03-31
,,,,,,,,,,,,,,,,,,,,853251,2009-03-31
,,,,,,,,,,,,,,,,,,,,853372,2009-03-31
,,,,,,,,,,,,,,,,,,,,853644,2009-03-31
,,,,,,,,,,,,,,,,,,,,853747,2009-03-31
,,,,,,,,,,,,,,,,,,,,853804,2009-03-31
,,,,,,,,,,,,,,,,,,,,853934,2009-03-31
,,,,,,,,,,,,,,,,,,,,853952,2009-03-31
,,,,,,,,,,,,,,,,,,,,853970,2009-03-31
,,,,,,,,,,,,,,,,,,,,854052,2009-03-31
,,,,,,,,,,,,,,,,,,,,854173,2009-03-31
,,,,,,,,,,,,,,,,,,,,854258,2009-03-31
,,,,,,,,,,,,,,,,,,,,854351,2009-03-31
,,,,,,,,,,,,,,,,,,,,854418,2009-03-31
,,,,,,,,,,,,,,,,,,,,854454,2009-03-31
,,,,,,,,,,,,,,,,,,,,854520,2009-03-31
,,,,,,,,,,,,,,,,,,,,854548,2009-03-31
,,,,,,,,,,,,,,,,,,,,854753,2009-03-31
,,,,,,,,,,,,,,,,,,,,854847,2009-03-31
,,,,,,,,,,,,,,,,,,,,855143,2009-03-31
,,,,,,,,,,,,,,,,,,,,855264,2009-03-31
,,,,,,,,,,,,,,,,,,,,855303,2009-03-31
,,,,,,,,,,,,,,,,,,,,855563,2009-03-31
,,,,,,,,,,,,,,,,,,,,855648,2009-03-31
,,,,,,,,,,,,,,,,,,,,855741,2009-03-31
,,,,,,,,,,,,,,,,,,,,855844,2009-03-31
,,,,,,,,,,,,,,,,,,,,855956,2009-03-31
,,,,,,,,,,,,,,,,,,,,856140,2009-03-31
,,,,,,,,,,,,,,,,,,,,856159,2009-03-31
,,,,,,,,,,,,,,,,,,,,856243,2009-03-31
,,,,,,,,,,,,,,,,,,,,856337,2009-03-31
,,,,,,,,,,,,,,,,,,,,856346,2009-03-31
,,,,,,,,,,,,,,,,,,,,856458,2009-03-31
,,,,,,,,,,,,,,,,,,,,856542,2009-03-31
,,,,,,,,,,,,,,,,,,,,856748,2009-03-31
,,,,,,,,,,,,,,,,,,,,856869,2009-03-31
,,,,,,,,,,,,,,,,,,,,856944,2009-03-31
,,,,,,,,,,,,,,,,,,,,857017,2009-03-31
,,,,,,,,,,,,,,,,,,,,857147,2009-03-31
,,,,,,,,,,,,,,,,,,,,857259,2009-03-31
,,,,,,,,,,,,,,,,,,,,857455,2009-03-31
,,,,,,,,,,,,,,,,,,,,857576,2009-03-31
,,,,,,,,,,,,,,,,,,,,857745,2009-03-31
,,,,,,,,,,,,,,,,,,,,857811,2009-03-31
,,,,,,,,,,,,,,,,,,,,857941,2009-03-31
,,,,,,,,,,,,,,,,,,,,858153,2009-03-31
,,,,,,,,,,,,,,,,,,,,858210,2009-03-31
,,,,,,,,,,,,,,,,,,,,858443,2009-03-31
,,,,,,,,,,,,,,,,,,,,858452,2009-03-31
,,,,,,,,,,,,,,,,,,,,858528,2009-03-31
,,,,,,,,,,,,,,,,,,,,858818,2009-03-31
,,,,,,,,,,,,,,,,,,,,858854,2009-03-31
,,,,,,,,,,,,,,,,,,,,859002,2009-03-31
,,,,,,,,,,,,,,,,,,,,859141,2009-03-31
,,,,,,,,,,,,,,,,,,,,859150,2009-03-31
,,,,,,,,,,,,,,,,,,,,859552,2009-03-31
,,,,,,,,,,,,,,,,,,,,859655,2009-03-31
,,,,,,,,,,,,,,,,,,,,859712,2009-03-31
,,,,,,,,,,,,,,,,,,,,859945,2009-03-31
,,,,,,,,,,,,,,,,,,,,860053,2009-03-31
,,,,,,,,,,,,,,,,,,,,860147,2009-03-31
,,,,,,,,,,,,,,,,,,,,860156,2009-03-31
,,,,,,,,,,,,,,,,,,,,860231,2009-03-31
,,,,,,,,,,,,,,,,,,,,860259,2009-03-31
,,,,,,,,,,,,,,,,,,,,860334,2009-03-31
,,,,,,,,,,,,,,,,,,,,860352,2009-03-31
,,,,,,,,,,,,,,,,,,,,861153,2009-03-31
,,,,,,,,,,,,,,,,,,,,861434,2009-03-31
,,,,,,,,,,,,,,,,,,,,861658,2009-03-31
,,,,,,,,,,,,,,,,,,,,861742,2009-03-31
,,,,,,,,,,,,,,,,,,,,861854,2009-03-31
,,,,,,,,,,,,,,,,,,,,862057,2009-03-31
,,,,,,,,,,,,,,,,,,,,862141,2009-03-31
,,,,,,,,,,,,,,,,,,,,862552,2009-03-31
,,,,,,,,,,,,,,,,,,,,862824,2009-03-31
,,,,,,,,,,,,,,,,,,,,862945,2009-03-31
,,,,,,,,,,,,,,,,,,,,863353,2009-03-31
,,,,,,,,,,,,,,,,,,,,863362,2009-03-31
,,,,,,,,,,,,,,,,,,,,863607,2009-03-31
,,,,,,,,,,,,,,,,,,,,863652,2009-03-31
,,,,,,,,,,,,,,,,,,,,863746,2009-03-31
,,,,,,,,,,,,,,,,,,,,864248,2009-03-31
,,,,,,,,,,,,,,,,,,,,864341,2009-03-31
,,,,,,,,,,,,,,,,,,,,864752,2009-03-31
,,,,,,,,,,,,,,,,,,,,864846,2009-03-31
,,,,,,,,,,,,,,,,,,,,864855,2009-03-31
,,,,,,,,,,,,,,,,,,,,865142,2009-03-31
,,,,,,,,,,,,,,,,,,,,865151,2009-03-31
,,,,,,,,,,,,,,,,,,,,865450,2009-03-31
,,,,,,,,,,,,,,,,,,,,865544,2009-03-31
,,,,,,,,,,,,,,,,,,,,865674,2009-03-31
,,,,,,,,,,,,,,,,,,,,865759,2009-03-31
,,,,,,,,,,,,,,,,,,,,865852,2009-03-31
,,,,,,,,,,,,,,,,,,,,866000,2009-03-31
,,,,,,,,,,,,,,,,,,,,866055,2009-03-31
,,,,,,,,,,,,,,,,,,,,866121,2009-03-31
,,,,,,,,,,,,,,,,,,,,866251,2009-03-31
,,,,,,,,,,,,,,,,,,,,866859,2009-03-31
,,,,,,,,,,,,,,,,,,,,866943,2009-03-31
,,,,,,,,,,,,,,,,,,,,867258,2009-03-31
,,,,,,,,,,,,,,,,,,,,867454,2009-03-31
,,,,,,,,,,,,,,,,,,,,867632,2009-03-31
,,,,,,,,,,,,,,,,,,,,867650,2009-03-31
,,,,,,,,,,,,,,,,,,,,867856,2009-03-31
,,,,,,,,,,,,,,,,,,,,867940,2009-03-31
,,,,,,,,,,,,,,,,,,,,868059,2009-03-31
,,,,,,,,,,,,,,,,,,,,868068,2009-03-31
,,,,,,,,,,,,,,,,,,,,868376,2009-03-31
,,,,,,,,,,,,,,,,,,,,868442,2009-03-31
,,,,,,,,,,,,,,,,,,,,868844,2009-03-31
,,,,,,,,,,,,,,,,,,,,868956,2009-03-31
,,,,,,,,,,,,,,,,,,,,869346,2009-03-31
,,,,,,,,,,,,,,,,,,,,869524,2009-03-31
,,,,,,,,,,,,,,,,,,,,869551,2009-03-31
,,,,,,,,,,,,,,,,,,,,869663,2009-03-31
,,,,,,,,,,,,,,,,,,,,869953,2009-03-31
,,,,,,,,,,,,,,,,,,,,869971,2009-03-31
,,,,,,,,,,,,,,,,,,,,870539,2009-03-31
,,,,,,,,,,,,,,,,,,,,870650,2009-03-31
,,,,,,,,,,,,,,,,,,,,870856,2009-03-31
,,,,,,,,,,,,,,,,,,,,870913,2009-03-31
,,,,,,,,,,,,,,,,,,,,871358,2009-03-31
,,,,,,,,,,,,,,,,,,,,871648,2009-03-31
,,,,,,,,,,,,,,,,,,,,871769,2009-03-31
,,,,,,,,,,,,,,,,,,,,871956,2009-03-31
,,,,,,,,,,,,,,,,,,,,872047,2009-03-31
,,,,,,,,,,,,,,,,,,,,872551,2009-03-31
,,,,,,,,,,,,,,,,,,,,872953,2009-03-31
,,,,,,,,,,,,,,,,,,,,873138,2009-03-31
,,,,,,,,,,,,,,,,,,,,873259,2009-03-31
,,,,,,,,,,,,,,,,,,,,873679,2009-03-31
,,,,,,,,,,,,,,,,,,,,873950,2009-03-31
,,,,,,,,,,,,,,,,,,,,874050,2009-03-31
,,,,,,,,,,,,,,,,,,,,874452,2009-03-31
,,,,,,,,,,,,,,,,,,,,874649,2009-03-31
,,,,,,,,,,,,,,,,,,,,874845,2009-03-31
,,,,,,,,,,,,,,,,,,,,875048,2009-03-31
,,,,,,,,,,,,,,,,,,,,875057,2009-03-31
,,,,,,,,,,,,,,,,,,,,875132,2009-03-31
,,,,,,,,,,,,,,,,,,,,875253,2009-03-31
,,,,,,,,,,,,,,,,,,,,875655,2009-03-31
,,,,,,,,,,,,,,,,,,,,875758,2009-03-31
,,,,,,,,,,,,,,,,,,,,875909,2009-03-31
,,,,,,,,,,,,,,,,,,,,875918,2009-03-31
,,,,,,,,,,,,,,,,,,,,875936,2009-03-31
,,,,,,,,,,,,,,,,,,,,875954,2009-03-31
,,,,,,,,,,,,,,,,,,,,876157,2009-03-31
,,,,,,,,,,,,,,,,,,,,876634,2009-03-31
,,,,,,,,,,,,,,,,,,,,876700,2009-03-31
,,,,,,,,,,,,,,,,,,,,877015,2009-03-31
,,,,,,,,,,,,,,,,,,,,877042,2009-03-31
,,,,,,,,,,,,,,,,,,,,877154,2009-03-31
,,,,,,,,,,,,,,,,,,,,877350,2009-03-31
,,,,,,,,,,,,,,,,,,,,877369,2009-03-31
,,,,,,,,,,,,,,,,,,,,877752,2009-03-31
,,,,,,,,,,,,,,,,,,,,877958,2009-03-31
,,,,,,,,,,,,,,,,,,,,879000,2009-03-31
,,,,,,,,,,,,,,,,,,,,879336,2009-03-31
,,,,,,,,,,,,,,,,,,,,879439,2009-03-31
,,,,,,,,,,,,,,,,,,,,879457,2009-03-31
,,,,,,,,,,,,,,,,,,,,879532,2009-03-31
,,,,,,,,,,,,,,,,,,,,879550,2009-03-31
,,,,,,,,,,,,,,,,,,,,879644,2009-03-31
,,,,,,,,,,,,,,,,,,,,879747,2009-03-31
,,,,,,,,,,,,,,,,,,,,880332,2009-03-31
,,,,,,,,,,,,,,,,,,,,880556,2009-03-31
,,,,,,,,,,,,,,,,,,,,880659,2009-03-31
,,,,,,,,,,,,,,,,,,,,880855,2009-03-31
,,,,,,,,,,,,,,,,,,,,881012,2009-03-31
,,,,,,,,,,,,,,,,,,,,881441,2009-03-31
,,,,,,,,,,,,,,,,,,,,881478,2009-03-31
,,,,,,,,,,,,,,,,,,,,881544,2009-03-31
,,,,,,,,,,,,,,,,,,,,881656,2009-03-31
,,,,,,,,,,,,,,,,,,,,881852,2009-03-31
,,,,,,,,,,,,,,,,,,,,881900,2009-03-31
,,,,,,,,,,,,,,,,,,,,882130,2009-03-31
,,,,,,,,,,,,,,,,,,,,882242,2009-03-31
,,,,,,,,,,,,,,,,,,,,882541,2009-03-31
,,,,,,,,,,,,,,,,,,,,882701,2009-03-31
,,,,,,,,,,,,,,,,,,,,882952,2009-03-31
,,,,,,,,,,,,,,,,,,,,883137,2009-03-31
,,,,,,,,,,,,,,,,,,,,883351,2009-03-31
,,,,,,,,,,,,,,,,,,,,883753,2009-03-31
,,,,,,,,,,,,,,,,,,,,883874,2009-03-31
,,,,,,,,,,,,,,,,,,,,883959,2009-03-31
,,,,,,,,,,,,,,,,,,,,884303,2009-03-31
,,,,,,,,,,,,,,,,,,,,884358,2009-03-31
,,,,,,,,,,,,,,,,,,,,884442,2009-03-31
,,,,,,,,,,,,,,,,,,,,884639,2009-03-31
,,,,,,,,,,,,,,,,,,,,884648,2009-03-31
,,,,,,,,,,,,,,,,,,,,884657,2009-03-31
,,,,,,,,,,,,,,,,,,,,885225,2009-03-31
,,,,,,,,,,,,,,,,,,,,885252,2009-03-31
,,,,,,,,,,,,,,,,,,,,885430,2009-03-31
,,,,,,,,,,,,,,,,,,,,885579,2009-03-31
,,,,,,,,,,,,,,,,,,,,885869,2009-03-31
,,,,,,,,,,,,,,,,,,,,886044,2009-03-31
,,,,,,,,,,,,,,,,,,,,886204,2009-03-31
,,,,,,,,,,,,,,,,,,,,886624,2009-03-31
,,,,,,,,,,,,,,,,,,,,887340,2009-03-31
,,,,,,,,,,,,,,,,,,,,887555,2009-03-31
,,,,,,,,,,,,,,,,,,,,887827,2009-03-31
,,,,,,,,,,,,,,,,,,,,887854,2009-03-31
,,,,,,,,,,,,,,,,,,,,888002,2009-03-31
,,,,,,,,,,,,,,,,,,,,888141,2009-03-31
,,,,,,,,,,,,,,,,,,,,888253,2009-03-31
,,,,,,,,,,,,,,,,,,,,888552,2009-03-31
,,,,,,,,,,,,,,,,,,,,888833,2009-03-31
,,,,,,,,,,,,,,,,,,,,888954,2009-03-31
,,,,,,,,,,,,,,,,,,,,889456,2009-03-31
,,,,,,,,,,,,,,,,,,,,889652,2009-03-31
,,,,,,,,,,,,,,,,,,,,890050,2009-03-31
,,,,,,,,,,,,,,,,,,,,890603,2009-03-31
,,,,,,,,,,,,,,,,,,,,890649,2009-03-31
,,,,,,,,,,,,,,,,,,,,890742,2009-03-31
,,,,,,,,,,,,,,,,,,,,890957,2009-03-31
,,,,,,,,,,,,,,,,,,,,891226,2009-03-31
,,,,,,,,,,,,,,,,,,,,891253,2009-03-31
,,,,,,,,,,,,,,,,,,,,891673,2009-03-31
,,,,,,,,,,,,,,,,,,,,891721,2009-03-31
,,,,,,,,,,,,,,,,,,,,892223,2009-03-31
,,,,,,,,,,,,,,,,,,,,892250,2009-03-31
,,,,,,,,,,,,,,,,,,,,893248,2009-03-31
,,,,,,,,,,,,,,,,,,,,893538,2009-03-31
,,,,,,,,,,,,,,,,,,,,893640,2009-03-31
,,,,,,,,,,,,,,,,,,,,893855,2009-03-31
,,,,,,,,,,,,,,,,,,,,894151,2009-03-31
,,,,,,,,,,,,,,,,,,,,894245,2009-03-31
,,,,,,,,,,,,,,,,,,,,894348,2009-03-31
,,,,,,,,,,,,,,,,,,,,894544,2009-03-31
,,,,,,,,,,,,,,,,,,,,894553,2009-03-31
,,,,,,,,,,,,,,,,,,,,894834,2009-03-31
,,,,,,,,,,,,,,,,,,,,894946,2009-03-31
,,,,,,,,,,,,,,,,,,,,895055,2009-03-31
,,,,,,,,,,,,,,,,,,,,895448,2009-03-31
,,,,,,,,,,,,,,,,,,,,895710,2009-03-31
,,,,,,,,,,,,,,,,,,,,895831,2009-03-31
,,,,,,,,,,,,,,,,,,,,896155,2009-03-31
,,,,,,,,,,,,,,,,,,,,896258,2009-03-31
,,,,,,,,,,,,,,,,,,,,896427,2009-03-31
,,,,,,,,,,,,,,,,,,,,896566,2009-03-31
,,,,,,,,,,,,,,,,,,,,896856,2009-03-31
,,,,,,,,,,,,,,,,,,,,897237,2009-03-31
,,,,,,,,,,,,,,,,,,,,897330,2009-03-31
,,,,,,,,,,,,,,,,,,,,897451,2009-03-31
,,,,,,,,,,,,,,,,,,,,897648,2009-03-31
,,,,,,,,,,,,,,,,,,,,897657,2009-03-31
,,,,,,,,,,,,,,,,,,,,897853,2009-03-31
,,,,,,,,,,,,,,,,,,,,898010,2009-03-31
,,,,,,,,,,,,,,,,,,,,898140,2009-03-31
,,,,,,,,,,,,,,,,,,,,898458,2009-03-31
,,,,,,,,,,,,,,,,,,,,898533,2009-03-31
,,,,,,,,,,,,,,,,,,,,898627,2009-03-31
,,,,,,,,,,,,,,,,,,,,898850,2009-03-31
,,,,,,,,,,,,,,,,,,,,899008,2009-03-31
,,,,,,,,,,,,,,,,,,,,899156,2009-03-31
,,,,,,,,,,,,,,,,,,,,899343,2009-03-31
,,,,,,,,,,,,,,,,,,,,899370,2009-03-31
,,,,,,,,,,,,,,,,,,,,899428,2009-03-31
,,,,,,,,,,,,,,,,,,,,899642,2009-03-31
,,,,,,,,,,,,,,,,,,,,899651,2009-03-31
,,,,,,,,,,,,,,,,,,,,899736,2009-03-31
,,,,,,,,,,,,,,,,,,,,899754,2009-03-31
,,,,,,,,,,,,,,,,,,,,900034,2009-03-31
,,,,,,,,,,,,,,,,,,,,900146,2009-03-31
,,,,,,,,,,,,,,,,,,,,900258,2009-03-31
,,,,,,,,,,,,,,,,,,,,900306,2009-03-31
,,,,,,,,,,,,,,,,,,,,900454,2009-03-31
,,,,,,,,,,,,,,,,,,,,900502,2009-03-31
,,,,,,,,,,,,,,,,,,,,901134,2009-03-31
,,,,,,,,,,,,,,,,,,,,901358,2009-03-31
,,,,,,,,,,,,,,,,,,,,901451,2009-03-31
,,,,,,,,,,,,,,,,,,,,901938,2009-03-31
,,,,,,,,,,,,,,,,,,,,902645,2009-03-31
,,,,,,,,,,,,,,,,,,,,902672,2009-03-31
,,,,,,,,,,,,,,,,,,,,903062,2009-03-31
,,,,,,,,,,,,,,,,,,,,903240,2009-03-31
,,,,,,,,,,,,,,,,,,,,903455,2009-03-31
,,,,,,,,,,,,,,,,,,,,903558,2009-03-31
,,,,,,,,,,,,,,,,,,,,903754,2009-03-31
,,,,,,,,,,,,,,,,,,,,903950,2009-03-31
,,,,,,,,,,,,,,,,,,,,904171,2009-03-31
,,,,,,,,,,,,,,,,,,,,904359,2009-03-31
,,,,,,,,,,,,,,,,,,,,904425,2009-03-31
,,,,,,,,,,,,,,,,,,,,904667,2009-03-31
,,,,,,,,,,,,,,,,,,,,904845,2009-03-31
,,,,,,,,,,,,,,,,,,,,905356,2009-03-31
,,,,,,,,,,,,,,,,,,,,906063,2009-03-31
,,,,,,,,,,,,,,,,,,,,906241,2009-03-31
,,,,,,,,,,,,,,,,,,,,906410,2009-03-31
,,,,,,,,,,,,,,,,,,,,906559,2009-03-31
,,,,,,,,,,,,,,,,,,,,906652,2009-03-31
,,,,,,,,,,,,,,,,,,,,907257,2009-03-31
,,,,,,,,,,,,,,,,,,,,907444,2009-03-31
,,,,,,,,,,,,,,,,,,,,907547,2009-03-31
,,,,,,,,,,,,,,,,,,,,907958,2009-03-31
,,,,,,,,,,,,,,,,,,,,908450,2009-03-31
,,,,,,,,,,,,,,,,,,,,908553,2009-03-31
,,,,,,,,,,,,,,,,,,,,908759,2009-03-31
,,,,,,,,,,,,,,,,,,,,908861,2009-03-31
,,,,,,,,,,,,,,,,,,,,909055,2009-03-31
,,,,,,,,,,,,,,,,,,,,909541,2009-03-31
,,,,,,,,,,,,,,,,,,,,909756,2009-03-31
,,,,,,,,,,,,,,,,,,,,910042,2009-03-31
,,,,,,,,,,,,,,,,,,,,910118,2009-03-31
,,,,,,,,,,,,,,,,,,,,910239,2009-03-31
,,,,,,,,,,,,,,,,,,,,910314,2009-03-31
,,,,,,,,,,,,,,,,,,,,910659,2009-03-31
,,,,,,,,,,,,,,,,,,,,911160,2009-03-31
,,,,,,,,,,,,,,,,,,,,911339,2009-03-31
,,,,,,,,,,,,,,,,,,,,911405,2009-03-31
,,,,,,,,,,,,,,,,,,,,911740,2009-03-31
,,,,,,,,,,,,,,,,,,,,911759,2009-03-31
,,,,,,,,,,,,,,,,,,,,911825,2009-03-31
,,,,,,,,,,,,,,,,,,,,912550,2009-03-31
,,,,,,,,,,,,,,,,,,,,912578,2009-03-31
,,,,,,,,,,,,,,,,,,,,912756,2009-03-31
,,,,,,,,,,,,,,,,,,,,912943,2009-03-31
,,,,,,,,,,,,,,,,,,,,913146,2009-03-31
,,,,,,,,,,,,,,,,,,,,913203,2009-03-31
,,,,,,,,,,,,,,,,,,,,913267,2009-03-31
,,,,,,,,,,,,,,,,,,,,913436,2009-03-31
,,,,,,,,,,,,,,,,,,,,913520,2009-03-31
,,,,,,,,,,,,,,,,,,,,913641,2009-03-31
,,,,,,,,,,,,,,,,,,,,913753,2009-03-31
,,,,,,,,,,,,,,,,,,,,913838,2009-03-31
,,,,,,,,,,,,,,,,,,,,913856,2009-03-31
,,,,,,,,,,,,,,,,,,,,913940,2009-03-31
,,,,,,,,,,,,,,,,,,,,914330,2009-03-31
,,,,,,,,,,,,,,,,,,,,914349,2009-03-31
,,,,,,,,,,,,,,,,,,,,914545,2009-03-31
,,,,,,,,,,,,,,,,,,,,914648,2009-03-31
,,,,,,,,,,,,,,,,,,,,914853,2009-03-31
,,,,,,,,,,,,,,,,,,,,914956,2009-03-31
,,,,,,,,,,,,,,,,,,,,915056,2009-03-31
,,,,,,,,,,,,,,,,,,,,915065,2009-03-31
,,,,,,,,,,,,,,,,,,,,915252,2009-03-31
,,,,,,,,,,,,,,,,,,,,915261,2009-03-31
,,,,,,,,,,,,,,,,,,,,915645,2009-03-31
,,,,,,,,,,,,,,,,,,,,915935,2009-03-31
,,,,,,,,,,,,,,,,,,,,916147,2009-03-31
,,,,,,,,,,,,,,,,,,,,916259,2009-03-31
,,,,,,,,,,,,,,,,,,,,916343,2009-03-31
,,,,,,,,,,,,,,,,,,,,916745,2009-03-31
,,,,,,,,,,,,,,,,,,,,916857,2009-03-31
,,,,,,,,,,,,,,,,,,,,917032,2009-03-31
,,,,,,,,,,,,,,,,,,,,917050,2009-03-31
,,,,,,,,,,,,,,,,,,,,917331,2009-03-31
,,,,,,,,,,,,,,,,,,,,917500,2009-03-31
,,,,,,,,,,,,,,,,,,,,917555,2009-03-31
,,,,,,,,,,,,,,,,,,,,917630,2009-03-31
,,,,,,,,,,,,,,,,,,,,917742,2009-03-31
,,,,,,,,,,,,,,,,,,,,917854,2009-03-31
,,,,,,,,,,,,,,,,,,,,918132,2009-03-31
,,,,,,,,,,,,,,,,,,,,918150,2009-03-31
,,,,,,,,,,,,,,,,,,,,918356,2009-03-31
,,,,,,,,,,,,,,,,,,,,918459,2009-03-31
,,,,,,,,,,,,,,,,,,,,918477,2009-03-31
,,,,,,,,,,,,,,,,,,,,918655,2009-03-31
,,,,,,,,,,,,,,,,,,,,918918,2009-03-31
,,,,,,,,,,,,,,,,,,,,918954,2009-03-31
,,,,,,,,,,,,,,,,,,,,919241,2009-03-31
,,,,,,,,,,,,,,,,,,,,919344,2009-03-31
,,,,,,,,,,,,,,,,,,,,919456,2009-03-31
,,,,,,,,,,,,,,,,,,,,919568,2009-03-31
,,,,,,,,,,,,,,,,,,,,919755,2009-03-31
,,,,,,,,,,,,,,,,,,,,919858,2009-03-31
,,,,,,,,,,,,,,,,,,,,919942,2009-03-31
,,,,,,,,,,,,,,,,,,,,920210,2009-03-31
,,,,,,,,,,,,,,,,,,,,920359,2009-03-31
,,,,,,,,,,,,,,,,,,,,920733,2009-03-31
,,,,,,,,,,,,,,,,,,,,920854,2009-03-31
,,,,,,,,,,,,,,,,,,,,920975,2009-03-31
,,,,,,,,,,,,,,,,,,,,921039,2009-03-31
,,,,,,,,,,,,,,,,,,,,921655,2009-03-31
,,,,,,,,,,,,,,,,,,,,921833,2009-03-31
,,,,,,,,,,,,,,,,,,,,921842,2009-03-31
,,,,,,,,,,,,,,,,,,,,921936,2009-03-31
,,,,,,,,,,,,,,,,,,,,922157,2009-03-31
,,,,,,,,,,,,,,,,,,,,922344,2009-03-31
,,,,,,,,,,,,,,,,,,,,922456,2009-03-31
,,,,,,,,,,,,,,,,,,,,922559,2009-03-31
,,,,,,,,,,,,,,,,,,,,922924,2009-03-31
,,,,,,,,,,,,,,,,,,,,923257,2009-03-31
,,,,,,,,,,,,,,,,,,,,923350,2009-03-31
,,,,,,,,,,,,,,,,,,,,923707,2009-03-31
,,,,,,,,,,,,,,,,,,,,923752,2009-03-31
,,,,,,,,,,,,,,,,,,,,923855,2009-03-31
,,,,,,,,,,,,,,,,,,,,923949,2009-03-31
,,,,,,,,,,,,,,,,,,,,924058,2009-03-31
,,,,,,,,,,,,,,,,,,,,924236,2009-03-31
,,,,,,,,,,,,,,,,,,,,924254,2009-03-31
,,,,,,,,,,,,,,,,,,,,924348,2009-03-31
,,,,,,,,,,,,,,,,,,,,924357,2009-03-31
,,,,,,,,,,,,,,,,,,,,924553,2009-03-31
,,,,,,,,,,,,,,,,,,,,924656,2009-03-31
,,,,,,,,,,,,,,,,,,,,924759,2009-03-31
,,,,,,,,,,,,,,,,,,,,924843,2009-03-31
,,,,,,,,,,,,,,,,,,,,924937,2009-03-31
,,,,,,,,,,,,,,,,,,,,925037,2009-03-31
,,,,,,,,,,,,,,,,,,,,925055,2009-03-31
,,,,,,,,,,,,,,,,,,,,925354,2009-03-31
,,,,,,,,,,,,,,,,,,,,925411,2009-03-31
,,,,,,,,,,,,,,,,,,,,925439,2009-03-31
,,,,,,,,,,,,,,,,,,,,925653,2009-03-31
,,,,,,,,,,,,,,,,,,,,925710,2009-03-31
,,,,,,,,,,,,,,,,,,,,925859,2009-03-31
,,,,,,,,,,,,,,,,,,,,926155,2009-03-31
,,,,,,,,,,,,,,,,,,,,926342,2009-03-31
,,,,,,,,,,,,,,,,,,,,926360,2009-03-31
,,,,,,,,,,,,,,,,,,,,926632,2009-03-31
,,,,,,,,,,,,,,,,,,,,926650,2009-03-31
,,,,,,,,,,,,,,,,,,,,926959,2009-03-31
,,,,,,,,,,,,,,,,,,,,927134,2009-03-31
,,,,,,,,,,,,,,,,,,,,927255,2009-03-31
,,,,,,,,,,,,,,,,,,,,927479,2009-03-31
,,,,,,,,,,,,,,,,,,,,928056,2009-03-31
,,,,,,,,,,,,,,,,,,,,928421,2009-03-31
,,,,,,,,,,,,,,,,,,,,928618,2009-03-31
,,,,,,,,,,,,,,,,,,,,928645,2009-03-31
,,,,,,,,,,,,,,,,,,,,929044,2009-03-31
,,,,,,,,,,,,,,,,,,,,929352,2009-03-31
,,,,,,,,,,,,,,,,,,,,929802,2009-03-31
,,,,,,,,,,,,,,,,,,,,929932,2009-03-31
,,,,,,,,,,,,,,,,,,,,930358,2009-03-31
,,,,,,,,,,,,,,,,,,,,930442,2009-03-31
,,,,,,,,,,,,,,,,,,,,930853,2009-03-31
,,,,,,,,,,,,,,,,,,,,930871,2009-03-31
,,,,,,,,,,,,,,,,,,,,930965,2009-03-31
,,,,,,,,,,,,,,,,,,,,931038,2009-03-31
,,,,,,,,,,,,,,,,,,,,931047,2009-03-31
,,,,,,,,,,,,,,,,,,,,931159,2009-03-31
,,,,,,,,,,,,,,,,,,,,931207,2009-03-31
,,,,,,,,,,,,,,,,,,,,931270,2009-03-31
,,,,,,,,,,,,,,,,,,,,931319,2009-03-31
,,,,,,,,,,,,,,,,,,,,931355,2009-03-31
,,,,,,,,,,,,,,,,,,,,931458,2009-03-31
,,,,,,,,,,,,,,,,,,,,931944,2009-03-31
,,,,,,,,,,,,,,,,,,,,932277,2009-03-31
,,,,,,,,,,,,,,,,,,,,932633,2009-03-31
,,,,,,,,,,,,,,,,,,,,932642,2009-03-31
,,,,,,,,,,,,,,,,,,,,932745,2009-03-31
,,,,,,,,,,,,,,,,,,,,932978,2009-03-31
,,,,,,,,,,,,,,,,,,,,933023,2009-03-31
,,,,,,,,,,,,,,,,,,,,933041,2009-03-31
,,,,,,,,,,,,,,,,,,,,933135,2009-03-31
,,,,,,,,,,,,,,,,,,,,933256,2009-03-31
,,,,,,,,,,,,,,,,,,,,933340,2009-03-31
,,,,,,,,,,,,,,,,,,,,933377,2009-03-31
,,,,,,,,,,,,,,,,,,,,933621,2009-03-31
,,,,,,,,,,,,,,,,,,,,933863,2009-03-31
,,,,,,,,,,,,,,,,,,,,933957,2009-03-31
,,,,,,,,,,,,,,,,,,,,933966,2009-03-31
,,,,,,,,,,,,,,,,,,,,933975,2009-03-31
,,,,,,,,,,,,,,,,,,,,934329,2009-03-31
,,,,,,,,,,,,,,,,,,,,934646,2009-03-31
,,,,,,,,,,,,,,,,,,,,934954,2009-03-31
,,,,,,,,,,,,,,,,,,,,935111,2009-03-31
,,,,,,,,,,,,,,,,,,,,935250,2009-03-31
,,,,,,,,,,,,,,,,,,,,935308,2009-03-31
,,,,,,,,,,,,,,,,,,,,935559,2009-03-31
,,,,,,,,,,,,,,,,,,,,935719,2009-03-31
,,,,,,,,,,,,,,,,,,,,935858,2009-03-31
,,,,,,,,,,,,,,,,,,,,936136,2009-03-31
,,,,,,,,,,,,,,,,,,,,936426,2009-03-31
,,,,,,,,,,,,,,,,,,,,936462,2009-03-31
,,,,,,,,,,,,,,,,,,,,936556,2009-03-31
,,,,,,,,,,,,,,,,,,,,936640,2009-03-31
,,,,,,,,,,,,,,,,,,,,936837,2009-03-31
,,,,,,,,,,,,,,,,,,,,936855,2009-03-31
,,,,,,,,,,,,,,,,,,,,937339,2009-03-31
,,,,,,,,,,,,,,,,,,,,937553,2009-03-31
,,,,,,,,,,,,,,,,,,,,937674,2009-03-31
,,,,,,,,,,,,,,,,,,,,937740,2009-03-31
,,,,,,,,,,,,,,,,,,,,937759,2009-03-31
,,,,,,,,,,,,,,,,,,,,937834,2009-03-31
,,,,,,,,,,,,,,,,,,,,937843,2009-03-31
,,,,,,,,,,,,,,,,,,,,938354,2009-03-31
,,,,,,,,,,,,,,,,,,,,938550,2009-03-31
,,,,,,,,,,,,,,,,,,,,938840,2009-03-31
,,,,,,,,,,,,,,,,,,,,938859,2009-03-31
,,,,,,,,,,,,,,,,,,,,939155,2009-03-31
,,,,,,,,,,,,,,,,,,,,939249,2009-03-31
,,,,,,,,,,,,,,,,,,,,939351,2009-03-31
,,,,,,,,,,,,,,,,,,,,939753,2009-03-31
,,,,,,,,,,,,,,,,,,,,940021,2009-03-31
,,,,,,,,,,,,,,,,,,,,940311,2009-03-31
,,,,,,,,,,,,,,,,,,,,940674,2009-03-31
,,,,,,,,,,,,,,,,,,,,940731,2009-03-31
,,,,,,,,,,,,,,,,,,,,940852,2009-03-31
,,,,,,,,,,,,,,,,,,,,941233,2009-03-31
,,,,,,,,,,,,,,,,,,,,941541,2009-03-31
,,,,,,,,,,,,,,,,,,,,941804,2009-03-31
,,,,,,,,,,,,,,,,,,,,941952,2009-03-31
,,,,,,,,,,,,,,,,,,,,942258,2009-03-31
,,,,,,,,,,,,,,,,,,,,942454,2009-03-31
,,,,,,,,,,,,,,,,,,,,942539,2009-03-31
,,,,,,,,,,,,,,,,,,,,942838,2009-03-31
,,,,,,,,,,,,,,,,,,,,942847,2009-03-31
,,,,,,,,,,,,,,,,,,,,942874,2009-03-31
,,,,,,,,,,,,,,,,,,,,942959,2009-03-31
,,,,,,,,,,,,,,,,,,,,943059,2009-03-31
,,,,,,,,,,,,,,,,,,,,943143,2009-03-31
,,,,,,,,,,,,,,,,,,,,943152,2009-03-31
,,,,,,,,,,,,,,,,,,,,943255,2009-03-31
,,,,,,,,,,,,,,,,,,,,943675,2009-03-31
,,,,,,,,,,,,,,,,,,,,943853,2009-03-31
,,,,,,,,,,,,,,,,,,,,944047,2009-03-31
,,,,,,,,,,,,,,,,,,,,944337,2009-03-31
,,,,,,,,,,,,,,,,,,,,944355,2009-03-31
,,,,,,,,,,,,,,,,,,,,944551,2009-03-31
,,,,,,,,,,,,,,,,,,,,944627,2009-03-31
,,,,,,,,,,,,,,,,,,,,944739,2009-03-31
,,,,,,,,,,,,,,,,,,,,944748,2009-03-31
,,,,,,,,,,,,,,,,,,,,944935,2009-03-31
,,,,,,,,,,,,,,,,,,,,945026,2009-03-31
,,,,,,,,,,,,,,,,,,,,945053,2009-03-31
,,,,,,,,,,,,,,,,,,,,945343,2009-03-31
,,,,,,,,,,,,,,,,,,,,945941,2009-03-31
,,,,,,,,,,,,,,,,,,,,945950,2009-03-31
,,,,,,,,,,,,,,,,,,,,945969,2009-03-31
,,,,,,,,,,,,,,,,,,,,946171,2009-03-31
,,,,,,,,,,,,,,,,,,,,946461,2009-03-31
,,,,,,,,,,,,,,,,,,,,946555,2009-03-31
,,,,,,,,,,,,,,,,,,,,947150,2009-03-31
,,,,,,,,,,,,,,,,,,,,947178,2009-03-31
,,,,,,,,,,,,,,,,,,,,947525,2009-03-31
,,,,,,,,,,,,,,,,,,,,947543,2009-03-31
,,,,,,,,,,,,,,,,,,,,947628,2009-03-31
,,,,,,,,,,,,,,,,,,,,947655,2009-03-31
,,,,,,,,,,,,,,,,,,,,947749,2009-03-31
,,,,,,,,,,,,,,,,,,,,947776,2009-03-31
,,,,,,,,,,,,,,,,,,,,947842,2009-03-31
,,,,,,,,,,,,,,,,,,,,948036,2009-03-31
,,,,,,,,,,,,,,,,,,,,948250,2009-03-31
,,,,,,,,,,,,,,,,,,,,948278,2009-03-31
,,,,,,,,,,,,,,,,,,,,948531,2009-03-31
,,,,,,,,,,,,,,,,,,,,948643,2009-03-31
,,,,,,,,,,,,,,,,,,,,949154,2009-03-31
,,,,,,,,,,,,,,,,,,,,949257,2009-03-31
,,,,,,,,,,,,,,,,,,,,949305,2009-03-31
,,,,,,,,,,,,,,,,,,,,949453,2009-03-31
,,,,,,,,,,,,,,,,,,,,949556,2009-03-31
,,,,,,,,,,,,,,,,,,,,949949,2009-03-31
,,,,,,,,,,,,,,,,,,,,950141,2009-03-31
,,,,,,,,,,,,,,,,,,,,950356,2009-03-31
,,,,,,,,,,,,,,,,,,,,950758,2009-03-31
,,,,,,,,,,,,,,,,,,,,950936,2009-03-31
,,,,,,,,,,,,,,,,,,,,951102,2009-03-31
,,,,,,,,,,,,,,,,,,,,951456,2009-03-31
,,,,,,,,,,,,,,,,,,,,952172,2009-03-31
,,,,,,,,,,,,,,,,,,,,952257,2009-03-31
,,,,,,,,,,,,,,,,,,,,952453,2009-03-31
,,,,,,,,,,,,,,,,,,,,952846,2009-03-31
,,,,,,,,,,,,,,,,,,,,953357,2009-03-31
,,,,,,,,,,,,,,,,,,,,953535,2009-03-31
,,,,,,,,,,,,,,,,,,,,953843,2009-03-31
,,,,,,,,,,,,,,,,,,,,953852,2009-03-31
,,,,,,,,,,,,,,,,,,,,954158,2009-03-31
,,,,,,,,,,,,,,,,,,,,954251,2009-03-31
,,,,,,,,,,,,,,,,,,,,954279,2009-03-31
,,,,,,,,,,,,,,,,,,,,954457,2009-03-31
,,,,,,,,,,,,,,,,,,,,954653,2009-03-31
,,,,,,,,,,,,,,,,,,,,954671,2009-03-31
,,,,,,,,,,,,,,,,,,,,955548,2009-03-31
,,,,,,,,,,,,,,,,,,,,955753,2009-03-31
,,,,,,,,,,,,,,,,,,,,955940,2009-03-31
,,,,,,,,,,,,,,,,,,,,955959,2009-03-31
,,,,,,,,,,,,,,,,,,,,956134,2009-03-31
,,,,,,,,,,,,,,,,,,,,956152,2009-03-31
,,,,,,,,,,,,,,,,,,,,956255,2009-03-31
,,,,,,,,,,,,,,,,,,,,956358,2009-03-31
,,,,,,,,,,,,,,,,,,,,956376,2009-03-31
,,,,,,,,,,,,,,,,,,,,956527,2009-03-31
,,,,,,,,,,,,,,,,,,,,956554,2009-03-31
,,,,,,,,,,,,,,,,,,,,956750,2009-03-31
,,,,,,,,,,,,,,,,,,,,956938,2009-03-31
,,,,,,,,,,,,,,,,,,,,956956,2009-03-31
,,,,,,,,,,,,,,,,,,,,957047,2009-03-31
,,,,,,,,,,,,,,,,,,,,957056,2009-03-31
,,,,,,,,,,,,,,,,,,,,957159,2009-03-31
,,,,,,,,,,,,,,,,,,,,957551,2009-03-31
,,,,,,,,,,,,,,,,,,,,957757,2009-03-31
,,,,,,,,,,,,,,,,,,,,958204,2009-03-31
,,,,,,,,,,,,,,,,,,,,958231,2009-03-31
,,,,,,,,,,,,,,,,,,,,958558,2009-03-31
,,,,,,,,,,,,,,,,,,,,958727,2009-03-31
,,,,,,,,,,,,,,,,,,,,958763,2009-03-31
,,,,,,,,,,,,,,,,,,,,959443,2009-03-31
,,,,,,,,,,,,,,,,,,,,959630,2009-03-31
,,,,,,,,,,,,,,,,,,,,959715,2009-03-31
,,,,,,,,,,,,,,,,,,,,959779,2009-03-31
,,,,,,,,,,,,,,,,,,,,960047,2009-03-31
,,,,,,,,,,,,,,,,,,,,960159,2009-03-31
,,,,,,,,,,,,,,,,,,,,960430,2009-03-31
,,,,,,,,,,,,,,,,,,,,960533,2009-03-31
,,,,,,,,,,,,,,,,,,,,960551,2009-03-31
,,,,,,,,,,,,,,,,,,,,960560,2009-03-31
,,,,,,,,,,,,,,,,,,,,960841,2009-03-31
,,,,,,,,,,,,,,,,,,,,960935,2009-03-31
,,,,,,,,,,,,,,,,,,,,961259,2009-03-31
,,,,,,,,,,,,,,,,,,,,961343,2009-03-31
,,,,,,,,,,,,,,,,,,,,961400,2009-03-31
,,,,,,,,,,,,,,,,,,,,961446,2009-03-31
,,,,,,,,,,,,,,,,,,,,961811,2009-03-31
,,,,,,,,,,,,,,,,,,,,962256,2009-03-31
,,,,,,,,,,,,,,,,,,,,962265,2009-03-31
,,,,,,,,,,,,,,,,,,,,962313,2009-03-31
,,,,,,,,,,,,,,,,,,,,962854,2009-03-31
,,,,,,,,,,,,,,,,,,,,962966,2009-03-31
,,,,,,,,,,,,,,,,,,,,963002,2009-03-31
,,,,,,,,,,,,,,,,,,,,963730,2009-03-31
,,,,,,,,,,,,,,,,,,,,963945,2009-03-31
,,,,,,,,,,,,,,,,,,,,963954,2009-03-31
,,,,,,,,,,,,,,,,,,,,964157,2009-03-31
,,,,,,,,,,,,,,,,,,,,964250,2009-03-31
,,,,,,,,,,,,,,,,,,,,964344,2009-03-31
,,,,,,,,,,,,,,,,,,,,964353,2009-03-31
,,,,,,,,,,,,,,,,,,,,964643,2009-03-31
,,,,,,,,,,,,,,,,,,,,964700,2009-03-31
,,,,,,,,,,,,,,,,,,,,965051,2009-03-31
,,,,,,,,,,,,,,,,,,,,965220,2009-03-31
,,,,,,,,,,,,,,,,,,,,965800,2009-03-31
,,,,,,,,,,,,,,,,,,,,966348,2009-03-31
,,,,,,,,,,,,,,,,,,,,966722,2009-03-31
,,,,,,,,,,,,,,,,,,,,966731,2009-03-31
,,,,,,,,,,,,,,,,,,,,967046,2009-03-31
,,,,,,,,,,,,,,,,,,,,967877,2009-03-31
,,,,,,,,,,,,,,,,,,,,967943,2009-03-31
,,,,,,,,,,,,,,,,,,,,967952,2009-03-31
,,,,,,,,,,,,,,,,,,,,968155,2009-03-31
,,,,,,,,,,,,,,,,,,,,968249,2009-03-31
,,,,,,,,,,,,,,,,,,,,968351,2009-03-31
,,,,,,,,,,,,,,,,,,,,968436,2009-03-31
,,,,,,,,,,,,,,,,,,,,968557,2009-03-31
,,,,,,,,,,,,,,,,,,,,968605,2009-03-31
,,,,,,,,,,,,,,,,,,,,968744,2009-03-31
,,,,,,,,,,,,,,,,,,,,969059,2009-03-31
,,,,,,,,,,,,,,,,,,,,969255,2009-03-31
,,,,,,,,,,,,,,,,,,,,969424,2009-03-31
,,,,,,,,,,,,,,,,,,,,969639,2009-03-31
,,,,,,,,,,,,,,,,,,,,969741,2009-03-31
,,,,,,,,,,,,,,,,,,,,969844,2009-03-31
,,,,,,,,,,,,,,,,,,,,969956,2009-03-31
,,,,,,,,,,,,,,,,,,,,970055,2009-03-31
,,,,,,,,,,,,,,,,,,,,971379,2009-03-31
,,,,,,,,,,,,,,,,,,,,971959,2009-03-31
,,,,,,,,,,,,,,,,,,,,972143,2009-03-31
,,,,,,,,,,,,,,,,,,,,972237,2009-03-31
,,,,,,,,,,,,,,,,,,,,972406,2009-03-31
,,,,,,,,,,,,,,,,,,,,972648,2009-03-31
,,,,,,,,,,,,,,,,,,,,972732,2009-03-31
,,,,,,,,,,,,,,,,,,,,972750,2009-03-31
,,,,,,,,,,,,,,,,,,,,972769,2009-03-31
,,,,,,,,,,,,,,,,,,,,972862,2009-03-31
,,,,,,,,,,,,,,,,,,,,973056,2009-03-31
,,,,,,,,,,,,,,,,,,,,973140,2009-03-31
,,,,,,,,,,,,,,,,,,,,973252,2009-03-31
,,,,,,,,,,,,,,,,,,,,973364,2009-03-31
,,,,,,,,,,,,,,,,,,,,974213,2009-03-31
,,,,,,,,,,,,,,,,,,,,974343,2009-03-31
,,,,,,,,,,,,,,,,,,,,974558,2009-03-31
,,,,,,,,,,,,,,,,,,,,974754,2009-03-31
,,,,,,,,,,,,,,,,,,,,974866,2009-03-31
,,,,,,,,,,,,,,,,,,,,975153,2009-03-31
,,,,,,,,,,,,,,,,,,,,975256,2009-03-31
,,,,,,,,,,,,,,,,,,,,975452,2009-03-31
,,,,,,,,,,,,,,,,,,,,975555,2009-03-31
,,,,,,,,,,,,,,,,,,,,975751,2009-03-31
,,,,,,,,,,,,,,,,,,,,975854,2009-03-31
,,,,,,,,,,,,,,,,,,,,975911,2009-03-31
,,,,,,,,,,,,,,,,,,,,976057,2009-03-31
,,,,,,,,,,,,,,,,,,,,976226,2009-03-31
,,,,,,,,,,,,,,,,,,,,976347,2009-03-31
,,,,,,,,,,,,,,,,,,,,976477,2009-03-31
,,,,,,,,,,,,,,,,,,,,976534,2009-03-31
,,,,,,,,,,,,,,,,,,,,976552,2009-03-31
,,,,,,,,,,,,,,,,,,,,976703,2009-03-31
,,,,,,,,,,,,,,,,,,,,976842,2009-03-31
,,,,,,,,,,,,,,,,,,,,976954,2009-03-31
,,,,,,,,,,,,,,,,,,,,977036,2009-03-31
,,,,,,,,,,,,,,,,,,,,977045,2009-03-31
,,,,,,,,,,,,,,,,,,,,977250,2009-03-31
,,,,,,,,,,,,,,,,,,,,977616,2009-03-31
,,,,,,,,,,,,,,,,,,,,977652,2009-03-31
,,,,,,,,,,,,,,,,,,,,977942,2009-03-31
,,,,,,,,,,,,,,,,,,,,977951,2009-03-31
,,,,,,,,,,,,,,,,,,,,978051,2009-03-31
,,,,,,,,,,,,,,,,,,,,978118,2009-03-31
,,,,,,,,,,,,,,,,,,,,978154,2009-03-31
,,,,,,,,,,,,,,,,,,,,978239,2009-03-31
,,,,,,,,,,,,,,,,,,,,978323,2009-03-31
,,,,,,,,,,,,,,,,,,,,978369,2009-03-31
,,,,,,,,,,,,,,,,,,,,978417,2009-03-31
,,,,,,,,,,,,,,,,,,,,978622,2009-03-31
,,,,,,,,,,,,,,,,,,,,978659,2009-03-31
,,,,,,,,,,,,,,,,,,,,979133,2009-03-31
,,,,,,,,,,,,,,,,,,,,979151,2009-03-31
,,,,,,,,,,,,,,,,,,,,979357,2009-03-31
,,,,,,,,,,,,,,,,,,,,979629,2009-03-31
,,,,,,,,,,,,,,,,,,,,979759,2009-03-31
,,,,,,,,,,,,,,,,,,,,980045,2009-03-31
,,,,,,,,,,,,,,,,,,,,980157,2009-03-31
,,,,,,,,,,,,,,,,,,,,980344,2009-03-31
,,,,,,,,,,,,,,,,,,,,980438,2009-03-31
,,,,,,,,,,,,,,,,,,,,980531,2009-03-31
,,,,,,,,,,,,,,,,,,,,980661,2009-03-31
,,,,,,,,,,,,,,,,,,,,980951,2009-03-31
,,,,,,,,,,,,,,,,,,,,980960,2009-03-31
,,,,,,,,,,,,,,,,,,,,981350,2009-03-31
,,,,,,,,,,,,,,,,,,,,981453,2009-03-31
,,,,,,,,,,,,,,,,,,,,982142,2009-03-31
,,,,,,,,,,,,,,,,,,,,982263,2009-03-31
,,,,,,,,,,,,,,,,,,,,982348,2009-03-31
,,,,,,,,,,,,,,,,,,,,982553,2009-03-31
,,,,,,,,,,,,,,,,,,,,982731,2009-03-31
,,,,,,,,,,,,,,,,,,,,982937,2009-03-31
,,,,,,,,,,,,,,,,,,,,983055,2009-03-31
,,,,,,,,,,,,,,,,,,,,983130,2009-03-31
,,,,,,,,,,,,,,,,,,,,983158,2009-03-31
,,,,,,,,,,,,,,,,,,,,983215,2009-03-31
,,,,,,,,,,,,,,,,,,,,983448,2009-03-31
,,,,,,,,,,,,,,,,,,,,983457,2009-03-31
,,,,,,,,,,,,,,,,,,,,983550,2009-03-31
,,,,,,,,,,,,,,,,,,,,983671,2009-03-31
,,,,,,,,,,,,,,,,,,,,984258,2009-03-31
,,,,,,,,,,,,,,,,,,,,984351,2009-03-31
,,,,,,,,,,,,,,,,,,,,984379,2009-03-31
,,,,,,,,,,,,,,,,,,,,984454,2009-03-31
,,,,,,,,,,,,,,,,,,,,984650,2009-03-31
,,,,,,,,,,,,,,,,,,,,984856,2009-03-31
,,,,,,,,,,,,,,,,,,,,985451,2009-03-31
,,,,,,,,,,,,,,,,,,,,985554,2009-03-31
,,,,,,,,,,,,,,,,,,,,985657,2009-03-31
,,,,,,,,,,,,,,,,,,,,986159,2009-03-31
,,,,,,,,,,,,,,,,,,,,986551,2009-03-31
,,,,,,,,,,,,,,,,,,,,986757,2009-03-31
,,,,,,,,,,,,,,,,,,,,986935,2009-03-31
,,,,,,,,,,,,,,,,,,,,987053,2009-03-31
,,,,,,,,,,,,,,,,,,,,987231,2009-03-31
,,,,,,,,,,,,,,,,,,,,987259,2009-03-31
,,,,,,,,,,,,,,,,,,,,987352,2009-03-31
,,,,,,,,,,,,,,,,,,,,987651,2009-03-31
,,,,,,,,,,,,,,,,,,,,987848,2009-03-31
,,,,,,,,,,,,,,,,,,,,988144,2009-03-31
,,,,,,,,,,,,,,,,,,,,988153,2009-03-31
,,,,,,,,,,,,,,,,,,,,988256,2009-03-31
,,,,,,,,,,,,,,,,,,,,988452,2009-03-31
,,,,,,,,,,,,,,,,,,,,988658,2009-03-31
,,,,,,,,,,,,,,,,,,,,988845,2009-03-31
,,,,,,,,,,,,,,,,,,,,989141,2009-03-31
,,,,,,,,,,,,,,,,,,,,989347,2009-03-31
,,,,,,,,,,,,,,,,,,,,989356,2009-03-31
,,,,,,,,,,,,,,,,,,,,989534,2009-03-31
,,,,,,,,,,,,,,,,,,,,989655,2009-03-31
,,,,,,,,,,,,,,,,,,,,989730,2009-03-31
,,,,,,,,,,,,,,,,,,,,989758,2009-03-31
,,,,,,,,,,,,,,,,,,,,989851,2009-03-31
,,,,,,,,,,,,,,,,,,,,990053,2009-03-31
,,,,,,,,,,,,,,,,,,,,990352,2009-03-31
,,,,,,,,,,,,,,,,,,,,990642,2009-03-31
,,,,,,,,,,,,,,,,,,,,991041,2009-03-31
,,,,,,,,,,,,,,,,,,,,991135,2009-03-31
,,,,,,,,,,,,,,,,,,,,991340,2009-03-31
,,,,,,,,,,,,,,,,,,,,991359,2009-03-31
,,,,,,,,,,,,,,,,,,,,991555,2009-03-31
,,,,,,,,,,,,,,,,,,,,991621,2009-03-31
,,,,,,,,,,,,,,,,,,,,991854,2009-03-31
,,,,,,,,,,,,,,,,,,,,992057,2009-03-31
,,,,,,,,,,,,,,,,,,,,992851,2009-03-31
,,,,,,,,,,,,,,,,,,,,993250,2009-03-31
,,,,,,,,,,,,,,,,,,,,993335,2009-03-31
,,,,,,,,,,,,,,,,,,,,993353,2009-03-31
,,,,,,,,,,,,,,,,,,,,993652,2009-03-31
,,,,,,,,,,,,,,,,,,,,994435,2009-03-31
,,,,,,,,,,,,,,,,,,,,994565,2009-03-31
,,,,,,,,,,,,,,,,,,,,995076,2009-03-31
,,,,,,,,,,,,,,,,,,,,995450,2009-03-31
,,,,,,,,,,,,,,,,,,,,995517,2009-03-31
,,,,,,,,,,,,,,,,,,,,995571,2009-03-31
,,,,,,,,,,,,,,,,,,,,995674,2009-03-31
,,,,,,,,,,,,,,,,,,,,995955,2009-03-31
,,,,,,,,,,,,,,,,,,,,996251,2009-03-31
,,,,,,,,,,,,,,,,,,,,996260,2009-03-31
,,,,,,,,,,,,,,,,,,,,996457,2009-03-31
,,,,,,,,,,,,,,,,,,,,997052,2009-03-31
,,,,,,,,,,,,,,,,,,,,997155,2009-03-31
,,,,,,,,,,,,,,,,,,,,997333,2009-03-31
,,,,,,,,,,,,,,,,,,,,997557,2009-03-31
,,,,,,,,,,,,,,,,,,,,997650,2009-03-31
,,,,,,,,,,,,,,,,,,,,997847,2009-03-31
,,,,,,,,,,,,,,,,,,,,997856,2009-03-31
,,,,,,,,,,,,,,,,,,,,998358,2009-03-31
,,,,,,,,,,,,,,,,,,,,998554,2009-03-31
,,,,,,,,,,,,,,,,,,,,998648,2009-03-31
,,,,,,,,,,,,,,,,,,,,998657,2009-03-31
,,,,,,,,,,,,,,,,,,,,998750,2009-03-31
,,,,,,,,,,,,,,,,,,,,998844,2009-03-31
,,,,,,,,,,,,,,,,,,,,998974,2009-03-31
,,,,,,,,,,,,,,,,,,,,999355,2009-03-31
,,,,,,,,,,,,,,,,,,,,999430,2009-03-31
,,,,,,,,,,,,,,,,,,,,999935,2009-03-31
,,,,,,,,,,,,,,,,,,,,1000052,2009-03-31
,,,,,,,,,,,,,,,,,,,,1000100,2009-03-31
,,,,,,,,,,,,,,,,,,,,1000276,2009-03-31
,,,,,,,,,,,,,,,,,,,,1000511,2009-03-31
,,,,,,,,,,,,,,,,,,,,1000557,2009-03-31
,,,,,,,,,,,,,,,,,,,,1000641,2009-03-31
,,,,,,,,,,,,,,,,,,,,1000856,2009-03-31
,,,,,,,,,,,,,,,,,,,,1000959,2009-03-31
,,,,,,,,,,,,,,,,,,,,1001059,2009-03-31
,,,,,,,,,,,,,,,,,,,,1001152,2009-03-31
,,,,,,,,,,,,,,,,,,,,1001451,2009-03-31
,,,,,,,,,,,,,,,,,,,,1001639,2009-03-31
,,,,,,,,,,,,,,,,,,,,1001648,2009-03-31
,,,,,,,,,,,,,,,,,,,,1001705,2009-03-31
,,,,,,,,,,,,,,,,,,,,1001817,2009-03-31
,,,,,,,,,,,,,,,,,,,,1001853,2009-03-31
,,,,,,,,,,,,,,,,,,,,1002355,2009-03-31
,,,,,,,,,,,,,,,,,,,,1002373,2009-03-31
,,,,,,,,,,,,,,,,,,,,1002430,2009-03-31
,,,,,,,,,,,,,,,,,,,,1002458,2009-03-31
,,,,,,,,,,,,,,,,,,,,1002618,2009-03-31
,,,,,,,,,,,,,,,,,,,,1002850,2009-03-31
,,,,,,,,,,,,,,,,,,,,1002878,2009-03-31
,,,,,,,,,,,,,,,,,,,,1002953,2009-03-31
,,,,,,,,,,,,,,,,,,,,1003455,2009-03-31
,,,,,,,,,,,,,,,,,,,,1003549,2009-03-31
,,,,,,,,,,,,,,,,,,,,1003558,2009-03-31
,,,,,,,,,,,,,,,,,,,,1003839,2009-03-31
,,,,,,,,,,,,,,,,,,,,1003950,2009-03-31
,,,,,,,,,,,,,,,,,,,,1004256,2009-03-31
,,,,,,,,,,,,,,,,,,,,1004265,2009-03-31
,,,,,,,,,,,,,,,,,,,,1004368,2009-03-31
,,,,,,,,,,,,,,,,,,,,1004470,2009-03-31
,,,,,,,,,,,,,,,,,,,,1005440,2009-03-31
,,,,,,,,,,,,,,,,,,,,1005459,2009-03-31
,,,,,,,,,,,,,,,,,,,,1005552,2009-03-31
,,,,,,,,,,,,,,,,,,,,1005655,2009-03-31
,,,,,,,,,,,,,,,,,,,,1005758,2009-03-31
,,,,,,,,,,,,,,,,,,,,1005851,2009-03-31
,,,,,,,,,,,,,,,,,,,,1005860,2009-03-31
,,,,,,,,,,,,,,,,,,,,1006148,2009-03-31
,,,,,,,,,,,,,,,,,,,,1006157,2009-03-31
,,,,,,,,,,,,,,,,,,,,1006344,2009-03-31
,,,,,,,,,,,,,,,,,,,,1006513,2009-03-31
,,,,,,,,,,,,,,,,,,,,1006559,2009-03-31
,,,,,,,,,,,,,,,,,,,,1006577,2009-03-31
,,,,,,,,,,,,,,,,,,,,1006652,2009-03-31
,,,,,,,,,,,,,,,,,,,,1006858,2009-03-31
,,,,,,,,,,,,,,,,,,,,1006951,2009-03-31
,,,,,,,,,,,,,,,,,,,,1007015,2009-03-31
,,,,,,,,,,,,,,,,,,,,1007051,2009-03-31
,,,,,,,,,,,,,,,,,,,,1007145,2009-03-31
,,,,,,,,,,,,,,,,,,,,1007154,2009-03-31
,,,,,,,,,,,,,,,,,,,,1007417,2009-03-31
,,,,,,,,,,,,,,,,,,,,1007659,2009-03-31
,,,,,,,,,,,,,,,,,,,,1007734,2009-03-31
,,,,,,,,,,,,,,,,,,,,1007752,2009-03-31
,,,,,,,,,,,,,,,,,,,,1007819,2009-03-31
,,,,,,,,,,,,,,,,,,,,1007846,2009-03-31
,,,,,,,,,,,,,,,,,,,,1007930,2009-03-31
,,,,,,,,,,,,,,,,,,,,1007958,2009-03-31
,,,,,,,,,,,,,,,,,,,,1008076,2009-03-31
,,,,,,,,,,,,,,,,,,,,1008133,2009-03-31
,,,,,,,,,,,,,,,,,,,,1008151,2009-03-31
,,,,,,,,,,,,,,,,,,,,1008209,2009-03-31
,,,,,,,,,,,,,,,,,,,,1008432,2009-03-31
,,,,,,,,,,,,,,,,,,,,1008450,2009-03-31
,,,,,,,,,,,,,,,,,,,,1008553,2009-03-31
,,,,,,,,,,,,,,,,,,,,1008674,2009-03-31
,,,,,,,,,,,,,,,,,,,,1008731,2009-03-31
,,,,,,,,,,,,,,,,,,,,1008955,2009-03-31
,,,,,,,,,,,,,,,,,,,,1009055,2009-03-31
,,,,,,,,,,,,,,,,,,,,1009242,2009-03-31
,,,,,,,,,,,,,,,,,,,,1009354,2009-03-31
,,,,,,,,,,,,,,,,,,,,1009420,2009-03-31
,,,,,,,,,,,,,,,,,,,,1009541,2009-03-31
,,,,,,,,,,,,,,,,,,,,1009756,2009-03-31
,,,,,,,,,,,,,,,,,,,,1009804,2009-03-31
,,,,,,,,,,,,,,,,,,,,1009813,2009-03-31
,,,,,,,,,,,,,,,,,,,,1009831,2009-03-31
,,,,,,,,,,,,,,,,,,,,1009840,2009-03-31
,,,,,,,,,,,,,,,,,,,,1009952,2009-03-31
,,,,,,,,,,,,,,,,,,,,1010015,2009-03-31
,,,,,,,,,,,,,,,,,,,,1010051,2009-03-31
,,,,,,,,,,,,,,,,,,,,1010930,2009-03-31
,,,,,,,,,,,,,,,,,,,,1011432,2009-03-31
,,,,,,,,,,,,,,,,,,,,1011526,2009-03-31
,,,,,,,,,,,,,,,,,,,,1011553,2009-03-31
,,,,,,,,,,,,,,,,,,,,1011638,2009-03-31
,,,,,,,,,,,,,,,,,,,,1011656,2009-03-31
,,,,,,,,,,,,,,,,,,,,1011852,2009-03-31
,,,,,,,,,,,,,,,,,,,,1011955,2009-03-31
,,,,,,,,,,,,,,,,,,,,1012055,2009-03-31
,,,,,,,,,,,,,,,,,,,,1012251,2009-03-31
,,,,,,,,,,,,,,,,,,,,1012354,2009-03-31
,,,,,,,,,,,,,,,,,,,,1012457,2009-03-31
,,,,,,,,,,,,,,,,,,,,1012671,2009-03-31
,,,,,,,,,,,,,,,,,,,,1012859,2009-03-31
,,,,,,,,,,,,,,,,,,,,1013070,2009-03-31
,,,,,,,,,,,,,,,,,,,,1013650,2009-03-31
,,,,,,,,,,,,,,,,,,,,1013735,2009-03-31
,,,,,,,,,,,,,,,,,,,,1013744,2009-03-31
,,,,,,,,,,,,,,,,,,,,1013856,2009-03-31
,,,,,,,,,,,,,,,,,,,,1014059,2009-03-31
,,,,,,,,,,,,,,,,,,,,1014125,2009-03-31
,,,,,,,,,,,,,,,,,,,,1014246,2009-03-31
,,,,,,,,,,,,,,,,,,,,1014255,2009-03-31
,,,,,,,,,,,,,,,,,,,,1014376,2009-03-31
,,,,,,,,,,,,,,,,,,,,1014451,2009-03-31
,,,,,,,,,,,,,,,,,,,,1014554,2009-03-31
,,,,,,,,,,,,,,,,,,,,1014657,2009-03-31
,,,,,,,,,,,,,,,,,,,,1014778,2009-03-31
,,,,,,,,,,,,,,,,,,,,1014844,2009-03-31
,,,,,,,,,,,,,,,,,,,,1014853,2009-03-31
,,,,,,,,,,,,,,,,,,,,1014965,2009-03-31
,,,,,,,,,,,,,,,,,,,,1015056,2009-03-31
,,,,,,,,,,,,,,,,,,,,1015243,2009-03-31
,,,,,,,,,,,,,,,,,,,,1015252,2009-03-31
,,,,,,,,,,,,,,,,,,,,1015458,2009-03-31
,,,,,,,,,,,,,,,,,,,,1015467,2009-03-31
,,,,,,,,,,,,,,,,,,,,1015560,2009-03-31
,,,,,,,,,,,,,,,,,,,,1015832,2009-03-31
,,,,,,,,,,,,,,,,,,,,1015841,2009-03-31
,,,,,,,,,,,,,,,,,,,,1015850,2009-03-31
,,,,,,,,,,,,,,,,,,,,1016231,2009-03-31
,,,,,,,,,,,,,,,,,,,,1016259,2009-03-31
,,,,,,,,,,,,,,,,,,,,1016558,2009-03-31
,,,,,,,,,,,,,,,,,,,,1016718,2009-03-31
,,,,,,,,,,,,,,,,,,,,1016848,2009-03-31
,,,,,,,,,,,,,,,,,,,,1016857,2009-03-31
,,,,,,,,,,,,,,,,,,,,1016941,2009-03-31
,,,,,,,,,,,,,,,,,,,,1017032,2009-03-31
,,,,,,,,,,,,,,,,,,,,1017256,2009-03-31
,,,,,,,,,,,,,,,,,,,,1017274,2009-03-31
,,,,,,,,,,,,,,,,,,,,1017425,2009-03-31
,,,,,,,,,,,,,,,,,,,,1017555,2009-03-31
,,,,,,,,,,,,,,,,,,,,1017564,2009-03-31
,,,,,,,,,,,,,,,,,,,,1017854,2009-03-31
,,,,,,,,,,,,,,,,,,,,1017939,2009-03-31
,,,,,,,,,,,,,,,,,,,,1017957,2009-03-31
,,,,,,,,,,,,,,,,,,,,1018927,2009-03-31
,,,,,,,,,,,,,,,,,,,,1157219,2009-03-31
,,,,,,,,,,,,,,,,,,,,1157415,2009-03-31
,,,,,,,,,,,,,,,,,,,,1158832,2009-03-31
,,,,,,,,,,,,,,,,,,,,1158878,2009-03-31
,,,,,,,,,,,,,,,,,,,,1160152,2009-03-31
,,,,,,,,,,,,,,,,,,,,1160161,2009-03-31
,,,,,,,,,,,,,,,,,,,,1160509,2009-03-31
,,,,,,,,,,,,,,,,,,,,1160732,2009-03-31
,,,,,,,,,,,,,,,,,,,,1160853,2009-03-31
,,,,,,,,,,,,,,,,,,,,1161029,2009-03-31
,,,,,,,,,,,,,,,,,,,,1161216,2009-03-31
,,,,,,,,,,,,,,,,,,,,1162017,2009-03-31
,,,,,,,,,,,,,,,,,,,,1162530,2009-03-31
,,,,,,,,,,,,,,,,,,,,1164730,2009-03-31
,,,,,,,,,,,,,,,,,,,,1165531,2009-03-31
,,,,,,,,,,,,,,,,,,,,1165540,2009-03-31
,,,,,,,,,,,,,,,,,,,,1166060,2009-03-31
,,,,,,,,,,,,,,,,,,,,1166435,2009-03-31
,,,,,,,,,,,,,,,,,,,,1169650,2009-03-31
,,,,,,,,,,,,,,,,,,,,1176920,2009-03-31
,,,,,,,,,,,,,,,,,,,,1186965,2009-03-31
,,,,,,,,,,,,,,,,,,,,1187001,2009-03-31
,,,,,,,,,,,,,,,,,,,,1187029,2009-03-31
,,,,,,,,,,,,,,,,,,,,1187391,2009-03-31
,,,,,,,,,,,,,,,,,,,,1187494,2009-03-31
,,,,,,,,,,,,,,,,,,,,1187551,2009-03-31
,,,,,,,,,,,,,,,,,,,,1188772,2009-03-31
,,,,,,,,,,,,,,,,,,,,1188987,2009-03-31
,,,,,,,,,,,,,,,,,,,,1189041,2009-03-31
,,,,,,,,,,,,,,,,,,,,1189993,2009-03-31
,,,,,,,,,,,,,,,,,,,,1190074,2009-03-31
,,,,,,,,,,,,,,,,,,,,1190476,2009-03-31
,,,,,,,,,,,,,,,,,,,,1191352,2009-03-31
,,,,,,,,,,,,,,,,,,,,1191446,2009-03-31
,,,,,,,,,,,,,,,,,,,,1191482,2009-03-31
,,,,,,,,,,,,,,,,,,,,1198605,2009-03-31
,,,,,,,,,,,,,,,,,,,,1198614,2009-03-31
,,,,,,,,,,,,,,,,,,,,1198641,2009-03-31
,,,,,,,,,,,,,,,,,,,,1211371,2009-03-31
,,,,,,,,,,,,,,,,,,,,1213777,2009-03-31
,,,,,,,,,,,,,,,,,,,,1215726,2009-03-31
,,,,,,,,,,,,,,,,,,,,1216059,2009-03-31
,,,,,,,,,,,,,,,,,,,,1216321,2009-03-31
,,,,,,,,,,,,,,,,,,,,1216808,2009-03-31
,,,,,,,,,,,,,,,,,,,,1216826,2009-03-31
,,,,,,,,,,,,,,,,,,,,1216974,2009-03-31
,,,,,,,,,,,,,,,,,,,,1216992,2009-03-31
,,,,,,,,,,,,,,,,,,,,1218165,2009-03-31
,,,,,,,,,,,,,,,,,,,,1218446,2009-03-31
,,,,,,,,,,,,,,,,,,,,1219591,2009-03-31
,,,,,,,,,,,,,,,,,,,,1221558,2009-03-31
,,,,,,,,,,,,,,,,,,,,1222519,2009-03-31
,,,,,,,,,,,,,,,,,,,,1222948,2009-03-31
,,,,,,,,,,,,,,,,,,,,1224812,2009-03-31
,,,,,,,,,,,,,,,,,,,,1225033,2009-03-31
,,,,,,,,,,,,,,,,,,,,1225752,2009-03-31
,,,,,,,,,,,,,,,,,,,,1225761,2009-03-31
,,,,,,,,,,,,,,,,,,,,1225798,2009-03-31
,,,,,,,,,,,,,,,,,,,,1225800,2009-03-31
,,,,,,,,,,,,,,,,,,,,1228034,2009-03-31
,,,,,,,,,,,,,,,,,,,,1229198,2009-03-31
,,,,,,,,,,,,,,,,,,,,1229424,2009-03-31
,,,,,,,,,,,,,,,,,,,,1293078,2009-03-31
,,,,,,,,,,,,,,,,,,,,1349890,2009-03-31
,,,,,,,,,,,,,,,,,,,,1356115,2009-03-31
,,,,,,,,,,,,,,,,,,,,1356526,2009-03-31
,,,,,,,,,,,,,,,,,,,,1356535,2009-03-31
,,,,,,,,,,,,,,,,,,,,1356768,2009-03-31
,,,,,,,,,,,,,,,,,,,,1356852,2009-03-31
,,,,,,,,,,,,,,,,,,,,1357466,2009-03-31
,,,,,,,,,,,,,,,,,,,,1362246,2009-03-31
,,,,,,,,,,,,,,,,,,,,1366909,2009-03-31
,,,,,,,,,,,,,,,,,,,,1367858,2009-03-31
,,,,,,,,,,,,,,,,,,,,1369870,2009-03-31
,,,,,,,,,,,,,,,,,,,,1377521,2009-03-31
,,,,,,,,,,,,,,,,,,,,1386251,2009-03-31
,,,,,,,,,,,,,,,,,,,,1390324,2009-03-31
,,,,,,,,,,,,,,,,,,,,1391170,2009-03-31
,,,,,,,,,,,,,,,,,,,,1391778,2009-03-31
,,,,,,,,,,,,,,,,,,,,1393624,2009-03-31
,,,,,,,,,,,,,,,,,,,,1394621,2009-03-31
,,,,,,,,,,,,,,,,,,,,1394676,2009-03-31
,,,,,,,,,,,,,,,,,,,,1396483,2009-03-31
,,,,,,,,,,,,,,,,,,,,1396700,2009-03-31
,,,,,,,,,,,,,,,,,,,,1396764,2009-03-31
,,,,,,,,,,,,,,,,,,,,1397471,2009-03-31
,,,,,,,,,,,,,,,,,,,,1398580,2009-03-31
,,,,,,,,,,,,,,,,,,,,1401387,2009-03-31
,,,,,,,,,,,,,,,,,,,,1401686,2009-03-31
,,,,,,,,,,,,,,,,,,,,1401891,2009-03-31
,,,,,,,,,,,,,,,,,,,,1401903,2009-03-31
,,,,,,,,,,,,,,,,,,,,1402384,2009-03-31
,,,,,,,,,,,,,,,,,,,,1402405,2009-03-31
,,,,,,,,,,,,,,,,,,,,1402610,2009-03-31
,,,,,,,,,,,,,,,,,,,,1402629,2009-03-31
,,,,,,,,,,,,,,,,,,,,1402638,2009-03-31
,,,,,,,,,,,,,,,,,,,,1404463,2009-03-31
,,,,,,,,,,,,,,,,,,,,1404481,2009-03-31
,,,,,,,,,,,,,,,,,,,,1404883,2009-03-31
,,,,,,,,,,,,,,,,,,,,1404940,2009-03-31
,,,,,,,,,,,,,,,,,,,,1406980,2009-03-31
,,,,,,,,,,,,,,,,,,,,1407512,2009-03-31
,,,,,,,,,,,,,,,,,,,,1407521,2009-03-31
,,,,,,,,,,,,,,,,,,,,1407530,2009-03-31
,,,,,,,,,,,,,,,,,,,,1407932,2009-03-31
,,,,,,,,,,,,,,,,,,,,1408069,2009-03-31
,,,,,,,,,,,,,,,,,,,,1411032,2009-03-31
,,,,,,,,,,,,,,,,,,,,1412619,2009-03-31
,,,,,,,,,,,,,,,,,,,,1412712,2009-03-31
,,,,,,,,,,,,,,,,,,,,1414819,2009-03-31
,,,,,,,,,,,,,,,,,,,,1416327,2009-03-31
,,,,,,,,,,,,,,,,,,,,1418255,2009-03-31
,,,,,,,,,,,,,,,,,,,,1421040,2009-03-31
,,,,,,,,,,,,,,,,,,,,1421095,2009-03-31
,,,,,,,,,,,,,,,,,,,,1421161,2009-03-31
,,,,,,,,,,,,,,,,,,,,1422980,2009-03-31
,,,,,,,,,,,,,,,,,,,,1427770,2009-03-31
,,,,,,,,,,,,,,,,,,,,1429028,2009-03-31
,,,,,,,,,,,,,,,,,,,,1434826,2009-03-31
,,,,,,,,,,,,,,,,,,,,1435092,2009-03-31
,,,,,,,,,,,,,,,,,,,,1436071,2009-03-31
,,,,,,,,,,,,,,,,,,,,1436204,2009-03-31
,,,,,,,,,,,,,,,,,,,,1436473,2009-03-31
,,,,,,,,,,,,,,,,,,,,1438589,2009-03-31
,,,,,,,,,,,,,,,,,,,,1439054,2009-03-31
,,,,,,,,,,,,,,,,,,,,1439456,2009-03-31
,,,,,,,,,,,,,,,,,,,,1440117,2009-03-31
,,,,,,,,,,,,,,,,,,,,1441600,2009-03-31
,,,,,,,,,,,,,,,,,,,,1442661,2009-03-31
,,,,,,,,,,,,,,,,,,,,1443266,2009-03-31
,,,,,,,,,,,,,,,,,,,,1444021,2009-03-31
,,,,,,,,,,,,,,,,,,,,1444580,2009-03-31
,,,,,,,,,,,,,,,,,,,,1445121,2009-03-31
,,,,,,,,,,,,,,,,,,,,1445943,2009-03-31
,,,,,,,,,,,,,,,,,,,,1447639,2009-03-31
,,,,,,,,,,,,,,,,,,,,1450620,2009-03-31
,,,,,,,,,,,,,,,,,,,,1451636,2009-03-31
,,,,,,,,,,,,,,,,,,,,1456501,2009-03-31
,,,,,,,,,,,,,,,,,,,,1457003,2009-03-31
,,,,,,,,,,,,,,,,,,,,1458608,2009-03-31
,,,,,,,,,,,,,,,,,,,,1459034,2009-03-31
,,,,,,,,,,,,,,,,,,,,1459575,2009-03-31
,,,,,,,,,,,,,,,,,,,,1459717,2009-03-31
,,,,,,,,,,,,,,,,,,,,1459735,2009-03-31
,,,,,,,,,,,,,,,,,,,,1459799,2009-03-31
,,,,,,,,,,,,,,,,,,,,1462986,2009-03-31
,,,,,,,,,,,,,,,,,,,,1464122,2009-03-31
,,,,,,,,,,,,,,,,,,,,1466489,2009-03-31
,,,,,,,,,,,,,,,,,,,,1469677,2009-03-31
,,,,,,,,,,,,,,,,,,,,1470150,2009-03-31
,,,,,,,,,,,,,,,,,,,,1471577,2009-03-31
,,,,,,,,,,,,,,,,,,,,1473496,2009-03-31
,,,,,,,,,,,,,,,,,,,,1474309,2009-03-31
,,,,,,,,,,,,,,,,,,,,1478222,2009-03-31
,,,,,,,,,,,,,,,,,,,,1478231,2009-03-31
,,,,,,,,,,,,,,,,,,,,1478307,2009-03-31
,,,,,,,,,,,,,,,,,,,,1479470,2009-03-31
,,,,,,,,,,,,,,,,,,,,1479676,2009-03-31
,,,,,,,,,,,,,,,,,,,,1480207,2009-03-31
,,,,,,,,,,,,,,,,,,,,1481745,2009-03-31
,,,,,,,,,,,,,,,,,,,,1481754,2009-03-31
,,,,,,,,,,,,,,,,,,,,1484595,2009-03-31
,,,,,,,,,,,,,,,,,,,,1492817,2009-03-31
,,,,,,,,,,,,,,,,,,,,1494240,2009-03-31
,,,,,,,,,,,,,,,,,,,,1494482,2009-03-31
,,,,,,,,,,,,,,,,,,,,1494914,2009-03-31
,,,,,,,,,,,,,,,,,,,,1496150,2009-03-31
,,,,,,,,,,,,,,,,,,,,1516348,2009-03-31
,,,,,,,,,,,,,,,,,,,,1516423,2009-03-31
,,,,,,,,,,,,,,,,,,,,1629903,2009-03-31
,,,,,,,,,,,,,,,,,,,,1718188,2009-03-31
,,,,,,,,,,,,,,,,,,,,1819366,2009-03-31
,,,,,,,,,,,,,,,,,,,,1820979,2009-03-31
,,,,,,,,,,,,,,,,,,,,1821976,2009-03-31
,,,,,,,,,,,,,,,,,,,,1826382,2009-03-31
,,,,,,,,,,,,,,,,,,,,1830035,2009-03-31
,,,,,,,,,,,,,,,,,,,,1836701,2009-03-31
,,,,,,,,,,,,,,,,,,,,1842065,2009-03-31
,,,,,,,,,,,,,,,,,,,,1852569,2009-03-31
,,,,,,,,,,,,,,,,,,,,1857377,2009-03-31
,,,,,,,,,,,,,,,,,,,,1861927,2009-03-31
,,,,,,,,,,,,,,,,,,,,1862719,2009-03-31
,,,,,,,,,,,,,,,,,,,,1863097,2009-03-31
,,,,,,,,,,,,,,,,,,,,1864197,2009-03-31
,,,,,,,,,,,,,,,,,,,,1864601,2009-03-31
,,,,,,,,,,,,,,,,,,,,1865680,2009-03-31
,,,,,,,,,,,,,,,,,,,,1866762,2009-03-31
,,,,,,,,,,,,,,,,,,,,1867983,2009-03-31
,,,,,,,,,,,,,,,,,,,,1872941,2009-03-31
,,,,,,,,,,,,,,,,,,,,1872996,2009-03-31
,,,,,,,,,,,,,,,,,,,,1877665,2009-03-31
,,,,,,,,,,,,,,,,,,,,1879016,2009-03-31
,,,,,,,,,,,,,,,,,,,,1882070,2009-03-31
,,,,,,,,,,,,,,,,,,,,1885848,2009-03-31
,,,,,,,,,,,,,,,,,,,,1885932,2009-03-31
,,,,,,,,,,,,,,,,,,,,1890525,2009-03-31
,,,,,,,,,,,,,,,,,,,,1890598,2009-03-31
,,,,,,,,,,,,,,,,,,,,1892154,2009-03-31
,,,,,,,,,,,,,,,,,,,,1897168,2009-03-31
,,,,,,,,,,,,,,,,,,,,1897270,2009-03-31
,,,,,,,,,,,,,,,,,,,,1898419,2009-03-31
,,,,,,,,,,,,,,,,,,,,1899902,2009-03-31
,,,,,,,,,,,,,,,,,,,,1900675,2009-03-31
,,,,,,,,,,,,,,,,,,,,1904020,2009-03-31
,,,,,,,,,,,,,,,,,,,,1908082,2009-03-31
,,,,,,,,,,,,,,,,,,,,1914421,2009-03-31
,,,,,,,,,,,,,,,,,,,,1916751,2009-03-31
,,,,,,,,,,,,,,,,,,,,1917301,2009-03-31
,,,,,,,,,,,,,,,,,,,,1918344,2009-03-31
,,,,,,,,,,,,,,,,,,,,1929247,2009-03-31
,,,,,,,,,,,,,,,,,,,,1933927,2009-03-31
,,,,,,,,,,,,,,,,,,,,1940747,2009-03-31
,,,,,,,,,,,,,,,,,,,,1945247,2009-03-31
,,,,,,,,,,,,,,,,,,,,1962888,2009-03-31
,,,,,,,,,,,,,,,,,,,,1972298,2009-03-31
,,,,,,,,,,,,,,,,,,,,1973129,2009-03-31
,,,,,,,,,,,,,,,,,,,,1977248,2009-03-31
,,,,,,,,,,,,,,,,,,,,1996762,2009-03-31
,,,,,,,,,,,,,,,,,,,,1998775,2009-03-31
,,,,,,,,,,,,,,,,,,,,2002222,2009-03-31
,,,,,,,,,,,,,,,,,,,,2006024,2009-03-31
,,,,,,,,,,,,,,,,,,,,2007991,2009-03-31
,,,,,,,,,,,,,,,,,,,,2009605,2009-03-31
,,,,,,,,,,,,,,,,,,,,2010722,2009-03-31
,,,,,,,,,,,,,,,,,,,,2017570,2009-03-31
,,,,,,,,,,,,,,,,,,,,2019453,2009-03-31
,,,,,,,,,,,,,,,,,,,,2033123,2009-03-31
,,,,,,,,,,,,,,,,,,,,2037185,2009-03-31
,,,,,,,,,,,,,,,,,,,,2038717,2009-03-31
,,,,,,,,,,,,,,,,,,,,2044811,2009-03-31
,,,,,,,,,,,,,,,,,,,,2044820,2009-03-31
,,,,,,,,,,,,,,,,,,,,2045694,2009-03-31
,,,,,,,,,,,,,,,,,,,,2047504,2009-03-31
,,,,,,,,,,,,,,,,,,,,2051127,2009-03-31
,,,,,,,,,,,,,,,,,,,,2059758,2009-03-31
,,,,,,,,,,,,,,,,,,,,2068107,2009-03-31
,,,,,,,,,,,,,,,,,,,,2068134,2009-03-31
,,,,,,,,,,,,,,,,,,,,2078290,2009-03-31
,,,,,,,,,,,,,,,,,,,,2085177,2009-03-31
,,,,,,,,,,,,,,,,,,,,2087845,2009-03-31
,,,,,,,,,,,,,,,,,,,,2107341,2009-03-31
,,,,,,,,,,,,,,,,,,,,2108348,2009-03-31
,,,,,,,,,,,,,,,,,,,,2110640,2009-03-31
,,,,,,,,,,,,,,,,,,,,2111553,2009-03-31
,,,,,,,,,,,,,,,,,,,,2114282,2009-03-31
,,,,,,,,,,,,,,,,,,,,2119773,2009-03-31
,,,,,,,,,,,,,,,,,,,,2121196,2009-03-31
,,,,,,,,,,,,,,,,,,,,2122997,2009-03-31
,,,,,,,,,,,,,,,,,,,,2123930,2009-03-31
,,,,,,,,,,,,,,,,,,,,2129008,2009-03-31
,,,,,,,,,,,,,,,,,,,,2132594,2009-03-31
,,,,,,,,,,,,,,,,,,,,2132941,2009-03-31
,,,,,,,,,,,,,,,,,,,,2140348,2009-03-31
,,,,,,,,,,,,,,,,,,,,2142016,2009-03-31
,,,,,,,,,,,,,,,,,,,,2142155,2009-03-31
,,,,,,,,,,,,,,,,,,,,2145389,2009-03-31
,,,,,,,,,,,,,,,,,,,,2146023,2009-03-31
,,,,,,,,,,,,,,,,,,,,2158389,2009-03-31
,,,,,,,,,,,,,,,,,,,,2160654,2009-03-31
,,,,,,,,,,,,,,,,,,,,2163477,2009-03-31
,,,,,,,,,,,,,,,,,,,,2164111,2009-03-31
,,,,,,,,,,,,,,,,,,,,2171100,2009-03-31
,,,,,,,,,,,,,,,,,,,,2182786,2009-03-31
,,,,,,,,,,,,,,,,,,,,2197098,2009-03-31
,,,,,,,,,,,,,,,,,,,,2209553,2009-03-31
,,,,,,,,,,,,,,,,,,,,2216663,2009-03-31
,,,,,,,,,,,,,,,,,,,,2232757,2009-03-31
,,,,,,,,,,,,,,,,,,,,2233875,2009-03-31
,,,,,,,,,,,,,,,,,,,,2235244,2009-03-31
,,,,,,,,,,,,,,,,,,,,2236821,2009-03-31
,,,,,,,,,,,,,,,,,,,,2239288,2009-03-31
,,,,,,,,,,,,,,,,,,,,2239372,2009-03-31
,,,,,,,,,,,,,,,,,,,,2243977,2009-03-31
,,,,,,,,,,,,,,,,,,,,2253725,2009-03-31
,,,,,,,,,,,,,,,,,,,,2253891,2009-03-31
,,,,,,,,,,,,,,,,,,,,2262718,2009-03-31
,,,,,,,,,,,,,,,,,,,,2263313,2009-03-31
,,,,,,,,,,,,,,,,,,,,2265335,2009-03-31
,,,,,,,,,,,,,,,,,,,,2265456,2009-03-31
,,,,,,,,,,,,,,,,,,,,2267012,2009-03-31
,,,,,,,,,,,,,,,,,,,,2267683,2009-03-31
,,,,,,,,,,,,,,,,,,,,2269847,2009-03-31
,,,,,,,,,,,,,,,,,,,,2280552,2009-03-31
,,,,,,,,,,,,,,,,,,,,2281371,2009-03-31
,,,,,,,,,,,,,,,,,,,,2285708,2009-03-31
,,,,,,,,,,,,,,,,,,,,2286554,2009-03-31
,,,,,,,,,,,,,,,,,,,,2290122,2009-03-31
,,,,,,,,,,,,,,,,,,,,2290887,2009-03-31
,,,,,,,,,,,,,,,,,,,,2292368,2009-03-31
,,,,,,,,,,,,,,,,,,,,2297998,2009-03-31
,,,,,,,,,,,,,,,,,,,,2298995,2009-03-31
,,,,,,,,,,,,,,,,,,,,2302379,2009-03-31
,,,,,,,,,,,,,,,,,,,,2303086,2009-03-31
,,,,,,,,,,,,,,,,,,,,2304234,2009-03-31
,,,,,,,,,,,,,,,,,,,,2304382,2009-03-31
,,,,,,,,,,,,,,,,,,,,2304636,2009-03-31
,,,,,,,,,,,,,,,,,,,,2305969,2009-03-31
,,,,,,,,,,,,,,,,,,,,2308326,2009-03-31
,,,,,,,,,,,,,,,,,,,,2316714,2009-03-31
,,,,,,,,,,,,,,,,,,,,2317672,2009-03-31
,,,,,,,,,,,,,,,,,,,,2319676,2009-03-31
,,,,,,,,,,,,,,,,,,,,2325882,2009-03-31
,,,,,,,,,,,,,,,,,,,,2328137,2009-03-31
,,,,,,,,,,,,,,,,,,,,2328249,2009-03-31
,,,,,,,,,,,,,,,,,,,,2328285,2009-03-31
,,,,,,,,,,,,,,,,,,,,2329200,2009-03-31
,,,,,,,,,,,,,,,,,,,,2330895,2009-03-31
,,,,,,,,,,,,,,,,,,,,2331838,2009-03-31
,,,,,,,,,,,,,,,,,,,,2332666,2009-03-31
,,,,,,,,,,,,,,,,,,,,2332808,2009-03-31
,,,,,,,,,,,,,,,,,,,,2332910,2009-03-31
,,,,,,,,,,,,,,,,,,,,2333140,2009-03-31
,,,,,,,,,,,,,,,,,,,,2333298,2009-03-31
,,,,,,,,,,,,,,,,,,,,2337335,2009-03-31
,,,,,,,,,,,,,,,,,,,,2339535,2009-03-31
,,,,,,,,,,,,,,,,,,,,2339599,2009-03-31
,,,,,,,,,,,,,,,,,,,,2339795,2009-03-31
,,,,,,,,,,,,,,,,,,,,2339900,2009-03-31
,,,,,,,,,,,,,,,,,,,,2339964,2009-03-31
,,,,,,,,,,,,,,,,,,,,2340205,2009-03-31
,,,,,,,,,,,,,,,,,,,,2342160,2009-03-31
,,,,,,,,,,,,,,,,,,,,2343167,2009-03-31
,,,,,,,,,,,,,,,,,,,,2344753,2009-03-31
,,,,,,,,,,,,,,,,,,,,2347044,2009-03-31
,,,,,,,,,,,,,,,,,,,,2349301,2009-03-31
,,,,,,,,,,,,,,,,,,,,2349459,2009-03-31
,,,,,,,,,,,,,,,,,,,,2352235,2009-03-31
,,,,,,,,,,,,,,,,,,,,2352507,2009-03-31
,,,,,,,,,,,,,,,,,,,,2353595,2009-03-31
,,,,,,,,,,,,,,,,,,,,2354314,2009-03-31
,,,,,,,,,,,,,,,,,,,,2354323,2009-03-31
,,,,,,,,,,,,,,,,,,,,2354387,2009-03-31
,,,,,,,,,,,,,,,,,,,,2354985,2009-03-31
,,,,,,,,,,,,,,,,,,,,2356091,2009-03-31
,,,,,,,,,,,,,,,,,,,,2358769,2009-03-31
,,,,,,,,,,,,,,,,,,,,2360904,2009-03-31
,,,,,,,,,,,,,,,,,,,,2361901,2009-03-31
,,,,,,,,,,,,,,,,,,,,2362074,2009-03-31
,,,,,,,,,,,,,,,,,,,,2362458,2009-03-31
,,,,,,,,,,,,,,,,,,,,2370994,2009-03-31
,,,,,,,,,,,,,,,,,,,,2371508,2009-03-31
,,,,,,,,,,,,,,,,,,,,2371816,2009-03-31
,,,,,,,,,,,,,,,,,,,,2372774,2009-03-31
,,,,,,,,,,,,,,,,,,,,2374901,2009-03-31
,,,,,,,,,,,,,,,,,,,,2376464,2009-03-31
,,,,,,,,,,,,,,,,,,,,2380470,2009-03-31
,,,,,,,,,,,,,,,,,,,,2382308,2009-03-31
,,,,,,,,,,,,,,,,,,,,2385514,2009-03-31
,,,,,,,,,,,,,,,,,,,,2388784,2009-03-31
,,,,,,,,,,,,,,,,,,,,2389857,2009-03-31
,,,,,,,,,,,,,,,,,,,,2390929,2009-03-31
,,,,,,,,,,,,,,,,,,,,2391252,2009-03-31
,,,,,,,,,,,,,,,,,,,,2391494,2009-03-31
,,,,,,,,,,,,,,,,,,,,2391588,2009-03-31
,,,,,,,,,,,,,,,,,,,,2392950,2009-03-31
,,,,,,,,,,,,,,,,,,,,2396547,2009-03-31
,,,,,,,,,,,,,,,,,,,,2396592,2009-03-31
,,,,,,,,,,,,,,,,,,,,2396604,2009-03-31
,,,,,,,,,,,,,,,,,,,,2397713,2009-03-31
,,,,,,,,,,,,,,,,,,,,2398596,2009-03-31
,,,,,,,,,,,,,,,,,,,,2398701,2009-03-31
,,,,,,,,,,,,,,,,,,,,2399119,2009-03-31
,,,,,,,,,,,,,,,,,,,,2412072,2009-03-31
,,,,,,,,,,,,,,,,,,,,2413510,2009-03-31
,,,,,,,,,,,,,,,,,,,,2434113,2009-03-31
,,,,,,,,,,,,,,,,,,,,2435615,2009-03-31
,,,,,,,,,,,,,,,,,,,,2435660,2009-03-31
,,,,,,,,,,,,,,,,,,,,2443535,2009-03-31
,,,,,,,,,,,,,,,,,,,,2445052,2009-03-31
,,,,,,,,,,,,,,,,,,,,2446152,2009-03-31
,,,,,,,,,,,,,,,,,,,,2451240,2009-03-31
,,,,,,,,,,,,,,,,,,,,2453132,2009-03-31
,,,,,,,,,,,,,,,,,,,,2454607,2009-03-31
,,,,,,,,,,,,,,,,,,,,2454867,2009-03-31
,,,,,,,,,,,,,,,,,,,,2458119,2009-03-31
,,,,,,,,,,,,,,,,,,,,2465881,2009-03-31
,,,,,,,,,,,,,,,,,,,,2467670,2009-03-31
,,,,,,,,,,,,,,,,,,,,2468097,2009-03-31
,,,,,,,,,,,,,,,,,,,,2471239,2009-03-31
,,,,,,,,,,,,,,,,,,,,2472508,2009-03-31
,,,,,,,,,,,,,,,,,,,,2473354,2009-03-31
,,,,,,,,,,,,,,,,,,,,2479477,2009-03-31
,,,,,,,,,,,,,,,,,,,,2480790,2009-03-31
,,,,,,,,,,,,,,,,,,,,2481210,2009-03-31
,,,,,,,,,,,,,,,,,,,,2482824,2009-03-31
,,,,,,,,,,,,,,,,,,,,2482851,2009-03-31
,,,,,,,,,,,,,,,,,,,,2483120,2009-03-31
,,,,,,,,,,,,,,,,,,,,2483438,2009-03-31
,,,,,,,,,,,,,,,,,,,,2485544,2009-03-31
,,,,,,,,,,,,,,,,,,,,2488956,2009-03-31
,,,,,,,,,,,,,,,,,,,,2490285,2009-03-31
,,,,,,,,,,,,,,,,,,,,2491291,2009-03-31
,,,,,,,,,,,,,,,,,,,,2493110,2009-03-31
,,,,,,,,,,,,,,,,,,,,2493697,2009-03-31
,,,,,,,,,,,,,,,,,,,,2496081,2009-03-31
,,,,,,,,,,,,,,,,,,,,2497181,2009-03-31
,,,,,,,,,,,,,,,,,,,,2502656,2009-03-31
,,,,,,,,,,,,,,,,,,,,2502825,2009-03-31
,,,,,,,,,,,,,,,,,,,,2503345,2009-03-31
,,,,,,,,,,,,,,,,,,,,2505424,2009-03-31
,,,,,,,,,,,,,,,,,,,,2505451,2009-03-31
,,,,,,,,,,,,,,,,,,,,2505460,2009-03-31
,,,,,,,,,,,,,,,,,,,,2505787,2009-03-31
,,,,,,,,,,,,,,,,,,,,2506056,2009-03-31
,,,,,,,,,,,,,,,,,,,,2506328,2009-03-31
,,,,,,,,,,,,,,,,,,,,2506757,2009-03-31
,,,,,,,,,,,,,,,,,,,,2507802,2009-03-31
,,,,,,,,,,,,,,,,,,,,2508751,2009-03-31
,,,,,,,,,,,,,,,,,,,,2512347,2009-03-31
,,,,,,,,,,,,,,,,,,,,2514547,2009-03-31
,,,,,,,,,,,,,,,,,,,,2514837,2009-03-31
,,,,,,,,,,,,,,,,,,,,2515320,2009-03-31
,,,,,,,,,,,,,,,,,,,,2516327,2009-03-31
,,,,,,,,,,,,,,,,,,,,2516626,2009-03-31
,,,,,,,,,,,,,,,,,,,,2517182,2009-03-31
,,,,,,,,,,,,,,,,,,,,2518497,2009-03-31
,,,,,,,,,,,,,,,,,,,,2519001,2009-03-31
,,,,,,,,,,,,,,,,,,,,2522681,2009-03-31
,,,,,,,,,,,,,,,,,,,,2524797,2009-03-31
,,,,,,,,,,,,,,,,,,,,2528656,2009-03-31
,,,,,,,,,,,,,,,,,,,,2529176,2009-03-31
,,,,,,,,,,,,,,,,,,,,2531496,2009-03-31
,,,,,,,,,,,,,,,,,,,,2531562,2009-03-31
,,,,,,,,,,,,,,,,,,,,2531991,2009-03-31
,,,,,,,,,,,,,,,,,,,,2532082,2009-03-31
,,,,,,,,,,,,,,,,,,,,2532662,2009-03-31
,,,,,,,,,,,,,,,,,,,,2533043,2009-03-31
,,,,,,,,,,,,,,,,,,,,2533119,2009-03-31
,,,,,,,,,,,,,,,,,,,,2534086,2009-03-31
,,,,,,,,,,,,,,,,,,,,2535551,2009-03-31
,,,,,,,,,,,,,,,,,,,,2535560,2009-03-31
,,,,,,,,,,,,,,,,,,,,2536633,2009-03-31
,,,,,,,,,,,,,,,,,,,,2538842,2009-03-31
,,,,,,,,,,,,,,,,,,,,2539081,2009-03-31
,,,,,,,,,,,,,,,,,,,,2539960,2009-03-31
,,,,,,,,,,,,,,,,,,,,2540537,2009-03-31
,,,,,,,,,,,,,,,,,,,,2550095,2009-03-31
,,,,,,,,,,,,,,,,,,,,2552099,2009-03-31
,,,,,,,,,,,,,,,,,,,,2558970,2009-03-31
,,,,,,,,,,,,,,,,,,,,2560526,2009-03-31
,,,,,,,,,,,,,,,,,,,,2562137,2009-03-31
,,,,,,,,,,,,,,,,,,,,2562164,2009-03-31
,,,,,,,,,,,,,,,,,,,,2562838,2009-03-31
,,,,,,,,,,,,,,,,,,,,2567123,2009-03-31
,,,,,,,,,,,,,,,,,,,,2568120,2009-03-31
,,,,,,,,,,,,,,,,,,,,2571081,2009-03-31
,,,,,,,,,,,,,,,,,,,,2574327,2009-03-31
,,,,,,,,,,,,,,,,,,,,2575155,2009-03-31
,,,,,,,,,,,,,,,,,,,,2575717,2009-03-31
,,,,,,,,,,,,,,,,,,,,2576134,2009-03-31
,,,,,,,,,,,,,,,,,,,,2576143,2009-03-31
,,,,,,,,,,,,,,,,,,,,2576198,2009-03-31
,,,,,,,,,,,,,,,,,,,,2577243,2009-03-31
,,,,,,,,,,,,,,,,,,,,2577739,2009-03-31
,,,,,,,,,,,,,,,,,,,,2579069,2009-03-31
,,,,,,,,,,,,,,,,,,,,2580243,2009-03-31
,,,,,,,,,,,,,,,,,,,,2580645,2009-03-31
,,,,,,,,,,,,,,,,,,,,2582023,2009-03-31
,,,,,,,,,,,,,,,,,,,,2582032,2009-03-31
,,,,,,,,,,,,,,,,,,,,2583721,2009-03-31
,,,,,,,,,,,,,,,,,,,,2586281,2009-03-31
,,,,,,,,,,,,,,,,,,,,2587916,2009-03-31
,,,,,,,,,,,,,,,,,,,,2587998,2009-03-31
,,,,,,,,,,,,,,,,,,,,2594240,2009-03-31
,,,,,,,,,,,,,,,,,,,,2594400,2009-03-31
,,,,,,,,,,,,,,,,,,,,2594419,2009-03-31
,,,,,,,,,,,,,,,,,,,,2594428,2009-03-31
,,,,,,,,,,,,,,,,,,,,2595461,2009-03-31
,,,,,,,,,,,,,,,,,,,,2595975,2009-03-31
,,,,,,,,,,,,,,,,,,,,2596262,2009-03-31
,,,,,,,,,,,,,,,,,,,,2596646,2009-03-31
,,,,,,,,,,,,,,,,,,,,2596785,2009-03-31
,,,,,,,,,,,,,,,,,,,,2597223,2009-03-31
,,,,,,,,,,,,,,,,,,,,2597698,2009-03-31
,,,,,,,,,,,,,,,,,,,,2598396,2009-03-31
,,,,,,,,,,,,,,,,,,,,2599478,2009-03-31
,,,,,,,,,,,,,,,,,,,,2600039,2009-03-31
,,,,,,,,,,,,,,,,,,,,2602220,2009-03-31
,,,,,,,,,,,,,,,,,,,,2602828,2009-03-31
,,,,,,,,,,,,,,,,,,,,2603629,2009-03-31
,,,,,,,,,,,,,,,,,,,,2604514,2009-03-31
,,,,,,,,,,,,,,,,,,,,2605566,2009-03-31
,,,,,,,,,,,,,,,,,,,,2606460,2009-03-31
,,,,,,,,,,,,,,,,,,,,2607412,2009-03-31
,,,,,,,,,,,,,,,,,,,,2607449,2009-03-31
,,,,,,,,,,,,,,,,,,,,2608754,2009-03-31
,,,,,,,,,,,,,,,,,,,,2608790,2009-03-31
,,,,,,,,,,,,,,,,,,,,2610784,2009-03-31
,,,,,,,,,,,,,,,,,,,,2614018,2009-03-31
,,,,,,,,,,,,,,,,,,,,2614344,2009-03-31
,,,,,,,,,,,,,,,,,,,,2615190,2009-03-31
,,,,,,,,,,,,,,,,,,,,2615220,2009-03-31
,,,,,,,,,,,,,,,,,,,,2618780,2009-03-31
,,,,,,,,,,,,,,,,,,,,2619714,2009-03-31
,,,,,,,,,,,,,,,,,,,,2619732,2009-03-31
,,,,,,,,,,,,,,,,,,,,2621285,2009-03-31
,,,,,,,,,,,,,,,,,,,,2621306,2009-03-31
,,,,,,,,,,,,,,,,,,,,2621940,2009-03-31
,,,,,,,,,,,,,,,,,,,,2623494,2009-03-31
,,,,,,,,,,,,,,,,,,,,2624400,2009-03-31
,,,,,,,,,,,,,,,,,,,,2624651,2009-03-31
,,,,,,,,,,,,,,,,,,,,2625724,2009-03-31
,,,,,,,,,,,,,,,,,,,,2626794,2009-03-31
,,,,,,,,,,,,,,,,,,,,2631172,2009-03-31
,,,,,,,,,,,,,,,,,,,,2631314,2009-03-31
,,,,,,,,,,,,,,,,,,,,2631323,2009-03-31
,,,,,,,,,,,,,,,,,,,,2631846,2009-03-31
,,,,,,,,,,,,,,,,,,,,2632599,2009-03-31
,,,,,,,,,,,,,,,,,,,,2634191,2009-03-31
,,,,,,,,,,,,,,,,,,,,2634351,2009-03-31
,,,,,,,,,,,,,,,,,,,,2634735,2009-03-31
,,,,,,,,,,,,,,,,,,,,2635077,2009-03-31
,,,,,,,,,,,,,,,,,,,,2636083,2009-03-31
,,,,,,,,,,,,,,,,,,,,2640530,2009-03-31
,,,,,,,,,,,,,,,,,,,,2640594,2009-03-31
,,,,,,,,,,,,,,,,,,,,2641827,2009-03-31
,,,,,,,,,,,,,,,,,,,,2642598,2009-03-31
,,,,,,,,,,,,,,,,,,,,2643438,2009-03-31
,,,,,,,,,,,,,,,,,,,,2643595,2009-03-31
,,,,,,,,,,,,,,,,,,,,2645106,2009-03-31
,,,,,,,,,,,,,,,,,,,,2646327,2009-03-31
,,,,,,,,,,,,,,,,,,,,2646813,2009-03-31
,,,,,,,,,,,,,,,,,,,,2648376,2009-03-31
,,,,,,,,,,,,,,,,,,,,2648460,2009-03-31
,,,,,,,,,,,,,,,,,,,,2649122,2009-03-31
,,,,,,,,,,,,,,,,,,,,2649177,2009-03-31
,,,,,,,,,,,,,,,,,,,,2650333,2009-03-31
,,,,,,,,,,,,,,,,,,,,2651899,2009-03-31
,,,,,,,,,,,,,,,,,,,,2652092,2009-03-31
,,,,,,,,,,,,,,,,,,,,2654818,2009-03-31
,,,,,,,,,,,,,,,,,,,,2655495,2009-03-31
,,,,,,,,,,,,,,,,,,,,2657855,2009-03-31
,,,,,,,,,,,,,,,,,,,,2661861,2009-03-31
,,,,,,,,,,,,,,,,,,,,2666400,2009-03-31
,,,,,,,,,,,,,,,,,,,,2667920,2009-03-31
,,,,,,,,,,,,,,,,,,,,2667939,2009-03-31
,,,,,,,,,,,,,,,,,,,,2667957,2009-03-31
,,,,,,,,,,,,,,,,,,,,2668598,2009-03-31
,,,,,,,,,,,,,,,,,,,,2671093,2009-03-31
,,,,,,,,,,,,,,,,,,,,2671105,2009-03-31
,,,,,,,,,,,,,,,,,,,,2678449,2009-03-31
,,,,,,,,,,,,,,,,,,,,2679839,2009-03-31
,,,,,,,,,,,,,,,,,,,,2683014,2009-03-31
,,,,,,,,,,,,,,,,,,,,2683555,2009-03-31
,,,,,,,,,,,,,,,,,,,,2684552,2009-03-31
,,,,,,,,,,,,,,,,,,,,2685241,2009-03-31
,,,,,,,,,,,,,,,,,,,,2685504,2009-03-31
,,,,,,,,,,,,,,,,,,,,2685764,2009-03-31
,,,,,,,,,,,,,,,,,,,,2686211,2009-03-31
,,,,,,,,,,,,,,,,,,,,2686529,2009-03-31
,,,,,,,,,,,,,,,,,,,,2686828,2009-03-31
,,,,,,,,,,,,,,,,,,,,2687133,2009-03-31
,,,,,,,,,,,,,,,,,,,,2687487,2009-03-31
,,,,,,,,,,,,,,,,,,,,2689128,2009-03-31
,,,,,,,,,,,,,,,,,,,,2689191,2009-03-31
,,,,,,,,,,,,,,,,,,,,2692753,2009-03-31
,,,,,,,,,,,,,,,,,,,,2692762,2009-03-31
,,,,,,,,,,,,,,,,,,,,2693264,2009-03-31
,,,,,,,,,,,,,,,,,,,,2693693,2009-03-31
,,,,,,,,,,,,,,,,,,,,2694430,2009-03-31
,,,,,,,,,,,,,,,,,,,,2694681,2009-03-31
,,,,,,,,,,,,,,,,,,,,2694935,2009-03-31
,,,,,,,,,,,,,,,,,,,,2694944,2009-03-31
,,,,,,,,,,,,,,,,,,,,2696180,2009-03-31
,,,,,,,,,,,,,,,,,,,,2697963,2009-03-31
,,,,,,,,,,,,,,,,,,,,2700984,2009-03-31
,,,,,,,,,,,,,,,,,,,,2701767,2009-03-31
,,,,,,,,,,,,,,,,,,,,2702764,2009-03-31
,,,,,,,,,,,,,,,,,,,,2705895,2009-03-31
,,,,,,,,,,,,,,,,,,,,2706016,2009-03-31
,,,,,,,,,,,,,,,,,,,,2708122,2009-03-31
,,,,,,,,,,,,,,,,,,,,2710554,2009-03-31
,,,,,,,,,,,,,,,,,,,,2710705,2009-03-31
,,,,,,,,,,,,,,,,,,,,2712978,2009-03-31
,,,,,,,,,,,,,,,,,,,,2713461,2009-03-31
,,,,,,,,,,,,,,,,,,,,2713555,2009-03-31
,,,,,,,,,,,,,,,,,,,,2713582,2009-03-31
,,,,,,,,,,,,,,,,,,,,2713920,2009-03-31
,,,,,,,,,,,,,,,,,,,,2714217,2009-03-31
,,,,,,,,,,,,,,,,,,,,2714570,2009-03-31
,,,,,,,,,,,,,,,,,,,,2716088,2009-03-31
,,,,,,,,,,,,,,,,,,,,2716163,2009-03-31
,,,,,,,,,,,,,,,,,,,,2716622,2009-03-31
,,,,,,,,,,,,,,,,,,,,2716828,2009-03-31
,,,,,,,,,,,,,,,,,,,,2717012,2009-03-31
,,,,,,,,,,,,,,,,,,,,2718297,2009-03-31
,,,,,,,,,,,,,,,,,,,,2718345,2009-03-31
,,,,,,,,,,,,,,,,,,,,2718596,2009-03-31
,,,,,,,,,,,,,,,,,,,,2719427,2009-03-31
,,,,,,,,,,,,,,,,,,,,2719810,2009-03-31
,,,,,,,,,,,,,,,,,,,,2721103,2009-03-31
,,,,,,,,,,,,,,,,,,,,2721765,2009-03-31
,,,,,,,,,,,,,,,,,,,,2721877,2009-03-31
,,,,,,,,,,,,,,,,,,,,2722173,2009-03-31
,,,,,,,,,,,,,,,,,,,,2722922,2009-03-31
,,,,,,,,,,,,,,,,,,,,2723068,2009-03-31
,,,,,,,,,,,,,,,,,,,,2723666,2009-03-31
,,,,,,,,,,,,,,,,,,,,2724757,2009-03-31
,,,,,,,,,,,,,,,,,,,,2724766,2009-03-31
,,,,,,,,,,,,,,,,,,,,2726050,2009-03-31
,,,,,,,,,,,,,,,,,,,,2726416,2009-03-31
,,,,,,,,,,,,,,,,,,,,2726443,2009-03-31
,,,,,,,,,,,,,,,,,,,,2727431,2009-03-31
,,,,,,,,,,,,,,,,,,,,2727673,2009-03-31
,,,,,,,,,,,,,,,,,,,,2727990,2009-03-31
,,,,,,,,,,,,,,,,,,,,2728661,2009-03-31
,,,,,,,,,,,,,,,,,,,,2729604,2009-03-31
,,,,,,,,,,,,,,,,,,,,2730431,2009-03-31
,,,,,,,,,,,,,,,,,,,,2730477,2009-03-31
,,,,,,,,,,,,,,,,,,,,2731876,2009-03-31
,,,,,,,,,,,,,,,,,,,,2732565,2009-03-31
,,,,,,,,,,,,,,,,,,,,2733263,2009-03-31
,,,,,,,,,,,,,,,,,,,,2733348,2009-03-31
,,,,,,,,,,,,,,,,,,,,2734729,2009-03-31
,,,,,,,,,,,,,,,,,,,,2735137,2009-03-31
,,,,,,,,,,,,,,,,,,,,2735173,2009-03-31
,,,,,,,,,,,,,,,,,,,,2735191,2009-03-31
,,,,,,,,,,,,,,,,,,,,2735324,2009-03-31
,,,,,,,,,,,,,,,,,,,,2735959,2009-03-31
,,,,,,,,,,,,,,,,,,,,2736219,2009-03-31
,,,,,,,,,,,,,,,,,,,,2736291,2009-03-31
,,,,,,,,,,,,,,,,,,,,2736451,2009-03-31
,,,,,,,,,,,,,,,,,,,,2736714,2009-03-31
,,,,,,,,,,,,,,,,,,,,2736732,2009-03-31
,,,,,,,,,,,,,,,,,,,,2737029,2009-03-31
,,,,,,,,,,,,,,,,,,,,2737775,2009-03-31
,,,,,,,,,,,,,,,,,,,,2737980,2009-03-31
,,,,,,,,,,,,,,,,,,,,2738857,2009-03-31
,,,,,,,,,,,,,,,,,,,,2742153,2009-03-31
,,,,,,,,,,,,,,,,,,,,2743244,2009-03-31
,,,,,,,,,,,,,,,,,,,,2744063,2009-03-31
,,,,,,,,,,,,,,,,,,,,2744782,2009-03-31
,,,,,,,,,,,,,,,,,,,,2745426,2009-03-31
,,,,,,,,,,,,,,,,,,,,2745743,2009-03-31
,,,,,,,,,,,,,,,,,,,,2746245,2009-03-31
,,,,,,,,,,,,,,,,,,,,2746263,2009-03-31
,,,,,,,,,,,,,,,,,,,,2747242,2009-03-31
,,,,,,,,,,,,,,,,,,,,2747279,2009-03-31
,,,,,,,,,,,,,,,,,,,,2747420,2009-03-31
,,,,,,,,,,,,,,,,,,,,2747466,2009-03-31
,,,,,,,,,,,,,,,,,,,,2747587,2009-03-31
,,,,,,,,,,,,,,,,,,,,2748502,2009-03-31
,,,,,,,,,,,,,,,,,,,,2748650,2009-03-31
,,,,,,,,,,,,,,,,,,,,2749059,2009-03-31
,,,,,,,,,,,,,,,,,,,,2750448,2009-03-31
,,,,,,,,,,,,,,,,,,,,2750699,2009-03-31
,,,,,,,,,,,,,,,,,,,,2751007,2009-03-31
,,,,,,,,,,,,,,,,,,,,2751388,2009-03-31
,,,,,,,,,,,,,,,,,,,,2753588,2009-03-31
,,,,,,,,,,,,,,,,,,,,2753917,2009-03-31
,,,,,,,,,,,,,,,,,,,,2754389,2009-03-31
,,,,,,,,,,,,,,,,,,,,2755733,2009-03-31
,,,,,,,,,,,,,,,,,,,,2756730,2009-03-31
,,,,,,,,,,,,,,,,,,,,2756767,2009-03-31
,,,,,,,,,,,,,,,,,,,,2756785,2009-03-31
,,,,,,,,,,,,,,,,,,,,2756909,2009-03-31
,,,,,,,,,,,,,,,,,,,,2757205,2009-03-31
,,,,,,,,,,,,,,,,,,,,2757586,2009-03-31
,,,,,,,,,,,,,,,,,,,,2757906,2009-03-31
,,,,,,,,,,,,,,,,,,,,2757951,2009-03-31
,,,,,,,,,,,,,,,,,,,,2758024,2009-03-31
,,,,,,,,,,,,,,,,,,,,2758613,2009-03-31
,,,,,,,,,,,,,,,,,,,,2759629,2009-03-31
,,,,,,,,,,,,,,,,,,,,2760102,2009-03-31
,,,,,,,,,,,,,,,,,,,,2760232,2009-03-31
,,,,,,,,,,,,,,,,,,,,2761912,2009-03-31
,,,,,,,,,,,,,,,,,,,,2761930,2009-03-31
,,,,,,,,,,,,,,,,,,,,2761967,2009-03-31
,,,,,,,,,,,,,,,,,,,,2762638,2009-03-31
,,,,,,,,,,,,,,,,,,,,2764212,2009-03-31
,,,,,,,,,,,,,,,,,,,,2764258,2009-03-31
,,,,,,,,,,,,,,,,,,,,2765602,2009-03-31
,,,,,,,,,,,,,,,,,,,,2765611,2009-03-31
,,,,,,,,,,,,,,,,,,,,2767763,2009-03-31
,,,,,,,,,,,,,,,,,,,,2769570,2009-03-31
,,,,,,,,,,,,,,,,,,,,2769589,2009-03-31
,,,,,,,,,,,,,,,,,,,,2769954,2009-03-31
,,,,,,,,,,,,,,,,,,,,2769972,2009-03-31
,,,,,,,,,,,,,,,,,,,,2771694,2009-03-31
,,,,,,,,,,,,,,,,,,,,2773867,2009-03-31
,,,,,,,,,,,,,,,,,,,,2774707,2009-03-31
,,,,,,,,,,,,,,,,,,,,2775151,2009-03-31
,,,,,,,,,,,,,,,,,,,,2775179,2009-03-31
,,,,,,,,,,,,,,,,,,,,2775692,2009-03-31
,,,,,,,,,,,,,,,,,,,,2777070,2009-03-31
,,,,,,,,,,,,,,,,,,,,2777650,2009-03-31
,,,,,,,,,,,,,,,,,,,,2781152,2009-03-31
,,,,,,,,,,,,,,,,,,,,2783660,2009-03-31
,,,,,,,,,,,,,,,,,,,,2783772,2009-03-31
,,,,,,,,,,,,,,,,,,,,2785477,2009-03-31
,,,,,,,,,,,,,,,,,,,,2785637,2009-03-31
,,,,,,,,,,,,,,,,,,,,2785646,2009-03-31
,,,,,,,,,,,,,,,,,,,,2787770,2009-03-31
,,,,,,,,,,,,,,,,,,,,2788656,2009-03-31
,,,,,,,,,,,,,,,,,,,,2791003,2009-03-31
,,,,,,,,,,,,,,,,,,,,2791076,2009-03-31
,,,,,,,,,,,,,,,,,,,,2791085,2009-03-31
,,,,,,,,,,,,,,,,,,,,2791281,2009-03-31
,,,,,,,,,,,,,,,,,,,,2791517,2009-03-31
,,,,,,,,,,,,,,,,,,,,2792466,2009-03-31
,,,,,,,,,,,,,,,,,,,,2793593,2009-03-31
,,,,,,,,,,,,,,,,,,,,2793883,2009-03-31
,,,,,,,,,,,,,,,,,,,,2794732,2009-03-31
,,,,,,,,,,,,,,,,,,,,2796017,2009-03-31
,,,,,,,,,,,,,,,,,,,,2796277,2009-03-31
,,,,,,,,,,,,,,,,,,,,2796295,2009-03-31
,,,,,,,,,,,,,,,,,,,,2796615,2009-03-31
,,,,,,,,,,,,,,,,,,,,2797153,2009-03-31
,,,,,,,,,,,,,,,,,,,,2797162,2009-03-31
,,,,,,,,,,,,,,,,,,,,2797171,2009-03-31
,,,,,,,,,,,,,,,,,,,,2797210,2009-03-31
,,,,,,,,,,,,,,,,,,,,2797359,2009-03-31
,,,,,,,,,,,,,,,,,,,,2797724,2009-03-31
,,,,,,,,,,,,,,,,,,,,2798897,2009-03-31
,,,,,,,,,,,,,,,,,,,,2799399,2009-03-31
,,,,,,,,,,,,,,,,,,,,2799803,2009-03-31
,,,,,,,,,,,,,,,,,,,,2800491,2009-03-31
,,,,,,,,,,,,,,,,,,,,2802664,2009-03-31
,,,,,,,,,,,,,,,,,,,,2802945,2009-03-31
,,,,,,,,,,,,,,,,,,,,2803223,2009-03-31
,,,,,,,,,,,,,,,,,,,,2804284,2009-03-31
,,,,,,,,,,,,,,,,,,,,2804864,2009-03-31
,,,,,,,,,,,,,,,,,,,,2804882,2009-03-31
,,,,,,,,,,,,,,,,,,,,2804891,2009-03-31
,,,,,,,,,,,,,,,,,,,,2805441,2009-03-31
,,,,,,,,,,,,,,,,,,,,2805535,2009-03-31
,,,,,,,,,,,,,,,,,,,,2805928,2009-03-31
,,,,,,,,,,,,,,,,,,,,2806091,2009-03-31
,,,,,,,,,,,,,,,,,,,,2806112,2009-03-31
,,,,,,,,,,,,,,,,,,,,2806626,2009-03-31
,,,,,,,,,,,,,,,,,,,,2806635,2009-03-31
,,,,,,,,,,,,,,,,,,,,2806840,2009-03-31
,,,,,,,,,,,,,,,,,,,,2807173,2009-03-31
,,,,,,,,,,,,,,,,,,,,2808602,2009-03-31
,,,,,,,,,,,,,,,,,,,,2808787,2009-03-31
,,,,,,,,,,,,,,,,,,,,2808808,2009-03-31
,,,,,,,,,,,,,,,,,,,,2809935,2009-03-31
,,,,,,,,,,,,,,,,,,,,2810007,2009-03-31
,,,,,,,,,,,,,,,,,,,,2811086,2009-03-31
,,,,,,,,,,,,,,,,,,,,2813491,2009-03-31
,,,,,,,,,,,,,,,,,,,,2814210,2009-03-31
,,,,,,,,,,,,,,,,,,,,2815879,2009-03-31
,,,,,,,,,,,,,,,,,,,,2816474,2009-03-31
,,,,,,,,,,,,,,,,,,,,2817323,2009-03-31
,,,,,,,,,,,,,,,,,,,,2817677,2009-03-31
,,,,,,,,,,,,,,,,,,,,2817837,2009-03-31
,,,,,,,,,,,,,,,,,,,,2818731,2009-03-31
,,,,,,,,,,,,,,,,,,,,2820604,2009-03-31
,,,,,,,,,,,,,,,,,,,,2823221,2009-03-31
,,,,,,,,,,,,,,,,,,,,2823230,2009-03-31
,,,,,,,,,,,,,,,,,,,,2826017,2009-03-31
,,,,,,,,,,,,,,,,,,,,2826316,2009-03-31
,,,,,,,,,,,,,,,,,,,,2830135,2009-03-31
,,,,,,,,,,,,,,,,,,,,2830537,2009-03-31
,,,,,,,,,,,,,,,,,,,,2833882,2009-03-31
,,,,,,,,,,,,,,,,,,,,2834179,2009-03-31
,,,,,,,,,,,,,,,,,,,,2834759,2009-03-31
,,,,,,,,,,,,,,,,,,,,2835103,2009-03-31
,,,,,,,,,,,,,,,,,,,,2835756,2009-03-31
,,,,,,,,,,,,,,,,,,,,2836306,2009-03-31
,,,,,,,,,,,,,,,,,,,,2837059,2009-03-31
,,,,,,,,,,,,,,,,,,,,2837077,2009-03-31
,,,,,,,,,,,,,,,,,,,,2837200,2009-03-31
,,,,,,,,,,,,,,,,,,,,2837406,2009-03-31
,,,,,,,,,,,,,,,,,,,,2838207,2009-03-31
,,,,,,,,,,,,,,,,,,,,2839053,2009-03-31
,,,,,,,,,,,,,,,,,,,,2839790,2009-03-31
,,,,,,,,,,,,,,,,,,,,2841702,2009-03-31
,,,,,,,,,,,,,,,,,,,,2843706,2009-03-31
,,,,,,,,,,,,,,,,,,,,2843724,2009-03-31
,,,,,,,,,,,,,,,,,,,,2845205,2009-03-31
,,,,,,,,,,,,,,,,,,,,2845755,2009-03-31
,,,,,,,,,,,,,,,,,,,,2845782,2009-03-31
,,,,,,,,,,,,,,,,,,,,2846444,2009-03-31
,,,,,,,,,,,,,,,,,,,,2846453,2009-03-31
,,,,,,,,,,,,,,,,,,,,2847085,2009-03-31
,,,,,,,,,,,,,,,,,,,,2847142,2009-03-31
,,,,,,,,,,,,,,,,,,,,2847432,2009-03-31
,,,,,,,,,,,,,,,,,,,,2847900,2009-03-31
,,,,,,,,,,,,,,,,,,,,2848037,2009-03-31
,,,,,,,,,,,,,,,,,,,,2848493,2009-03-31
,,,,,,,,,,,,,,,,,,,,2848756,2009-03-31
,,,,,,,,,,,,,,,,,,,,2848895,2009-03-31
,,,,,,,,,,,,,,,,,,,,2849212,2009-03-31
,,,,,,,,,,,,,,,,,,,,2849285,2009-03-31
,,,,,,,,,,,,,,,,,,,,2849801,2009-03-31
,,,,,,,,,,,,,,,,,,,,2849829,2009-03-31
,,,,,,,,,,,,,,,,,,,,2850722,2009-03-31
,,,,,,,,,,,,,,,,,,,,2850768,2009-03-31
,,,,,,,,,,,,,,,,,,,,2851185,2009-03-31
,,,,,,,,,,,,,,,,,,,,2853358,2009-03-31
,,,,,,,,,,,,,,,,,,,,2854113,2009-03-31
,,,,,,,,,,,,,,,,,,,,2854494,2009-03-31
,,,,,,,,,,,,,,,,,,,,2855071,2009-03-31
,,,,,,,,,,,,,,,,,,,,2855156,2009-03-31
,,,,,,,,,,,,,,,,,,,,2855307,2009-03-31
,,,,,,,,,,,,,,,,,,,,2855866,2009-03-31
,,,,,,,,,,,,,,,,,,,,2855884,2009-03-31
,,,,,,,,,,,,,,,,,,,,2855914,2009-03-31
,,,,,,,,,,,,,,,,,,,,2855978,2009-03-31
,,,,,,,,,,,,,,,,,,,,2856032,2009-03-31
,,,,,,,,,,,,,,,,,,,,2856500,2009-03-31
,,,,,,,,,,,,,,,,,,,,2856685,2009-03-31
,,,,,,,,,,,,,,,,,,,,2856939,2009-03-31
,,,,,,,,,,,,,,,,,,,,2857600,2009-03-31
,,,,,,,,,,,,,,,,,,,,2857794,2009-03-31
,,,,,,,,,,,,,,,,,,,,2858205,2009-03-31
,,,,,,,,,,,,,,,,,,,,2858492,2009-03-31
,,,,,,,,,,,,,,,,,,,,2858960,2009-03-31
,,,,,,,,,,,,,,,,,,,,2859574,2009-03-31
,,,,,,,,,,,,,,,,,,,,2859903,2009-03-31
,,,,,,,,,,,,,,,,,,,,2860039,2009-03-31
,,,,,,,,,,,,,,,,,,,,2860271,2009-03-31
,,,,,,,,,,,,,,,,,,,,2860440,2009-03-31
,,,,,,,,,,,,,,,,,,,,2861317,2009-03-31
,,,,,,,,,,,,,,,,,,,,2864729,2009-03-31
,,,,,,,,,,,,,,,,,,,,2866255,2009-03-31
,,,,,,,,,,,,,,,,,,,,2867056,2009-03-31
,,,,,,,,,,,,,,,,,,,,2867337,2009-03-31
,,,,,,,,,,,,,,,,,,,,2868259,2009-03-31
,,,,,,,,,,,,,,,,,,,,2868352,2009-03-31
,,,,,,,,,,,,,,,,,,,,2869162,2009-03-31
,,,,,,,,,,,,,,,,,,,,2869180,2009-03-31
,,,,,,,,,,,,,,,,,,,,2869199,2009-03-31
,,,,,,,,,,,,,,,,,,,,2869667,2009-03-31
,,,,,,,,,,,,,,,,,,,,2871099,2009-03-31
,,,,,,,,,,,,,,,,,,,,2871558,2009-03-31
,,,,,,,,,,,,,,,,,,,,2872340,2009-03-31
,,,,,,,,,,,,,,,,,,,,2872845,2009-03-31
,,,,,,,,,,,,,,,,,,,,2873075,2009-03-31
,,,,,,,,,,,,,,,,,,,,2873860,2009-03-31
,,,,,,,,,,,,,,,,,,,,2874634,2009-03-31
,,,,,,,,,,,,,,,,,,,,2875592,2009-03-31
,,,,,,,,,,,,,,,,,,,,2876311,2009-03-31
,,,,,,,,,,,,,,,,,,,,2877345,2009-03-31
,,,,,,,,,,,,,,,,,,,,2877484,2009-03-31
,,,,,,,,,,,,,,,,,,,,2877831,2009-03-31
,,,,,,,,,,,,,,,,,,,,2877840,2009-03-31
,,,,,,,,,,,,,,,,,,,,2879992,2009-03-31
,,,,,,,,,,,,,,,,,,,,2880019,2009-03-31
,,,,,,,,,,,,,,,,,,,,2881593,2009-03-31
,,,,,,,,,,,,,,,,,,,,2882125,2009-03-31
,,,,,,,,,,,,,,,,,,,,2882983,2009-03-31
,,,,,,,,,,,,,,,,,,,,2883038,2009-03-31
,,,,,,,,,,,,,,,,,,,,2883047,2009-03-31
,,,,,,,,,,,,,,,,,,,,2883971,2009-03-31
,,,,,,,,,,,,,,,,,,,,2885171,2009-03-31
,,,,,,,,,,,,,,,,,,,,2886178,2009-03-31
,,,,,,,,,,,,,,,,,,,,2886187,2009-03-31
,,,,,,,,,,,,,,,,,,,,2887335,2009-03-31
,,,,,,,,,,,,,,,,,,,,2887399,2009-03-31
,,,,,,,,,,,,,,,,,,,,2887661,2009-03-31
,,,,,,,,,,,,,,,,,,,,2888789,2009-03-31
,,,,,,,,,,,,,,,,,,,,2889227,2009-03-31
,,,,,,,,,,,,,,,,,,,,2895835,2009-03-31
,,,,,,,,,,,,,,,,,,,,2896216,2009-03-31
,,,,,,,,,,,,,,,,,,,,2896298,2009-03-31
,,,,,,,,,,,,,,,,,,,,2896430,2009-03-31
,,,,,,,,,,,,,,,,,,,,2897400,2009-03-31
,,,,,,,,,,,,,,,,,,,,2897633,2009-03-31
,,,,,,,,,,,,,,,,,,,,2897736,2009-03-31
,,,,,,,,,,,,,,,,,,,,2897754,2009-03-31
,,,,,,,,,,,,,,,,,,,,2900092,2009-03-31
,,,,,,,,,,,,,,,,,,,,2901558,2009-03-31
,,,,,,,,,,,,,,,,,,,,2902041,2009-03-31
,,,,,,,,,,,,,,,,,,,,2903123,2009-03-31
,,,,,,,,,,,,,,,,,,,,2905163,2009-03-31
,,,,,,,,,,,,,,,,,,,,2905565,2009-03-31
,,,,,,,,,,,,,,,,,,,,2905604,2009-03-31
,,,,,,,,,,,,,,,,,,,,2905613,2009-03-31
,,,,,,,,,,,,,,,,,,,,2905761,2009-03-31
,,,,,,,,,,,,,,,,,,,,2906311,2009-03-31
,,,,,,,,,,,,,,,,,,,,2907019,2009-03-31
,,,,,,,,,,,,,,,,,,,,2907439,2009-03-31
,,,,,,,,,,,,,,,,,,,,2907484,2009-03-31
,,,,,,,,,,,,,,,,,,,,2907493,2009-03-31
,,,,,,,,,,,,,,,,,,,,2908575,2009-03-31
,,,,,,,,,,,,,,,,,,,,2910121,2009-03-31
,,,,,,,,,,,,,,,,,,,,2910194,2009-03-31
,,,,,,,,,,,,,,,,,,,,2911128,2009-03-31
,,,,,,,,,,,,,,,,,,,,2911511,2009-03-31
,,,,,,,,,,,,,,,,,,,,2911856,2009-03-31
,,,,,,,,,,,,,,,,,,,,2911865,2009-03-31
,,,,,,,,,,,,,,,,,,,,2911986,2009-03-31
,,,,,,,,,,,,,,,,,,,,2912367,2009-03-31
,,,,,,,,,,,,,,,,,,,,2912750,2009-03-31
,,,,,,,,,,,,,,,,,,,,2913346,2009-03-31
,,,,,,,,,,,,,,,,,,,,2913551,2009-03-31
,,,,,,,,,,,,,,,,,,,,2913702,2009-03-31
,,,,,,,,,,,,,,,,,,,,2913887,2009-03-31
,,,,,,,,,,,,,,,,,,,,2914727,2009-03-31
,,,,,,,,,,,,,,,,,,,,2914820,2009-03-31
,,,,,,,,,,,,,,,,,,,,2914905,2009-03-31
,,,,,,,,,,,,,,,,,,,,2915126,2009-03-31
,,,,,,,,,,,,,,,,,,,,2915461,2009-03-31
,,,,,,,,,,,,,,,,,,,,2915797,2009-03-31
,,,,,,,,,,,,,,,,,,,,2916365,2009-03-31
,,,,,,,,,,,,,,,,,,,,2916879,2009-03-31
,,,,,,,,,,,,,,,,,,,,2916963,2009-03-31
,,,,,,,,,,,,,,,,,,,,2917184,2009-03-31
,,,,,,,,,,,,,,,,,,,,2919423,2009-03-31
,,,,,,,,,,,,,,,,,,,,2919898,2009-03-31
,,,,,,,,,,,,,,,,,,,,2920287,2009-03-31
,,,,,,,,,,,,,,,,,,,,2920737,2009-03-31
,,,,,,,,,,,,,,,,,,,,2920773,2009-03-31
,,,,,,,,,,,,,,,,,,,,2921211,2009-03-31
,,,,,,,,,,,,,,,,,,,,2921622,2009-03-31
,,,,,,,,,,,,,,,,,,,,2922674,2009-03-31
,,,,,,,,,,,,,,,,,,,,2924128,2009-03-31
,,,,,,,,,,,,,,,,,,,,2925620,2009-03-31
,,,,,,,,,,,,,,,,,,,,2925666,2009-03-31
,,,,,,,,,,,,,,,,,,,,2925723,2009-03-31
,,,,,,,,,,,,,,,,,,,,2927615,2009-03-31
,,,,,,,,,,,,,,,,,,,,2928733,2009-03-31
,,,,,,,,,,,,,,,,,,,,2929075,2009-03-31
,,,,,,,,,,,,,,,,,,,,2929253,2009-03-31
,,,,,,,,,,,,,,,,,,,,2929392,2009-03-31
,,,,,,,,,,,,,,,,,,,,2931603,2009-03-31
,,,,,,,,,,,,,,,,,,,,2934903,2009-03-31
,,,,,,,,,,,,,,,,,,,,2934930,2009-03-31
,,,,,,,,,,,,,,,,,,,,2936840,2009-03-31
,,,,,,,,,,,,,,,,,,,,2938143,2009-03-31
,,,,,,,,,,,,,,,,,,,,2938198,2009-03-31
,,,,,,,,,,,,,,,,,,,,2938769,2009-03-31
,,,,,,,,,,,,,,,,,,,,2939001,2009-03-31
,,,,,,,,,,,,,,,,,,,,2939391,2009-03-31
,,,,,,,,,,,,,,,,,,,,2941068,2009-03-31
,,,,,,,,,,,,,,,,,,,,2941509,2009-03-31
,,,,,,,,,,,,,,,,,,,,2942524,2009-03-31
,,,,,,,,,,,,,,,,,,,,2942690,2009-03-31
,,,,,,,,,,,,,,,,,,,,2942814,2009-03-31
,,,,,,,,,,,,,,,,,,,,2942823,2009-03-31
,,,,,,,,,,,,,,,,,,,,2943389,2009-03-31
,,,,,,,,,,,,,,,,,,,,2943615,2009-03-31
,,,,,,,,,,,,,,,,,,,,2944715,2009-03-31
,,,,,,,,,,,,,,,,,,,,2947556,2009-03-31
,,,,,,,,,,,,,,,,,,,,2948058,2009-03-31
,,,,,,,,,,,,,,,,,,,,2948423,2009-03-31
,,,,,,,,,,,,,,,,,,,,2948450,2009-03-31
,,,,,,,,,,,,,,,,,,,,2949710,2009-03-31
,,,,,,,,,,,,,,,,,,,,2950604,2009-03-31
,,,,,,,,,,,,,,,,,,,,2950677,2009-03-31
,,,,,,,,,,,,,,,,,,,,2951683,2009-03-31
,,,,,,,,,,,,,,,,,,,,2953418,2009-03-31
,,,,,,,,,,,,,,,,,,,,2954059,2009-03-31
,,,,,,,,,,,,,,,,,,,,2954497,2009-03-31
,,,,,,,,,,,,,,,,,,,,2955458,2009-03-31
,,,,,,,,,,,,,,,,,,,,2957014,2009-03-31
,,,,,,,,,,,,,,,,,,,,2957667,2009-03-31
,,,,,,,,,,,,,,,,,,,,2958048,2009-03-31
,,,,,,,,,,,,,,,,,,,,2958972,2009-03-31
,,,,,,,,,,,,,,,,,,,,2960434,2009-03-31
,,,,,,,,,,,,,,,,,,,,2960555,2009-03-31
,,,,,,,,,,,,,,,,,,,,2960788,2009-03-31
,,,,,,,,,,,,,,,,,,,,2961703,2009-03-31
,,,,,,,,,,,,,,,,,,,,2961776,2009-03-31
,,,,,,,,,,,,,,,,,,,,2963266,2009-03-31
,,,,,,,,,,,,,,,,,,,,2963275,2009-03-31
,,,,,,,,,,,,,,,,,,,,2963547,2009-03-31
,,,,,,,,,,,,,,,,,,,,2963864,2009-03-31
,,,,,,,,,,,,,,,,,,,,2966614,2009-03-31
,,,,,,,,,,,,,,,,,,,,2967349,2009-03-31
,,,,,,,,,,,,,,,,,,,,2967796,2009-03-31
,,,,,,,,,,,,,,,,,,,,2970657,2009-03-31
,,,,,,,,,,,,,,,,,,,,2973041,2009-03-31
,,,,,,,,,,,,,,,,,,,,2975269,2009-03-31
,,,,,,,,,,,,,,,,,,,,2975625,2009-03-31
,,,,,,,,,,,,,,,,,,,,2976042,2009-03-31
,,,,,,,,,,,,,,,,,,,,2978297,2009-03-31
,,,,,,,,,,,,,,,,,,,,2980209,2009-03-31
,,,,,,,,,,,,,,,,,,,,2981813,2009-03-31
,,,,,,,,,,,,,,,,,,,,2981822,2009-03-31
,,,,,,,,,,,,,,,,,,,,2986304,2009-03-31
,,,,,,,,,,,,,,,,,,,,2989006,2009-03-31
,,,,,,,,,,,,,,,,,,,,2994493,2009-03-31
,,,,,,,,,,,,,,,,,,,,2996536,2009-03-31
,,,,,,,,,,,,,,,,,,,,2997216,2009-03-31
,,,,,,,,,,,,,,,,,,,,2997748,2009-03-31
,,,,,,,,,,,,,,,,,,,,2997926,2009-03-31
,,,,,,,,,,,,,,,,,,,,2998576,2009-03-31
,,,,,,,,,,,,,,,,,,,,2998660,2009-03-31
,,,,,,,,,,,,,,,,,,,,2999845,2009-03-31
,,,,,,,,,,,,,,,,,,,,3005097,2009-03-31
,,,,,,,,,,,,,,,,,,,,3008306,2009-03-31
,,,,,,,,,,,,,,,,,,,,3009778,2009-03-31
,,,,,,,,,,,,,,,,,,,,3010000,2009-03-31
,,,,,,,,,,,,,,,,,,,,3010318,2009-03-31
,,,,,,,,,,,,,,,,,,,,3010363,2009-03-31
,,,,,,,,,,,,,,,,,,,,3013823,2009-03-31
,,,,,,,,,,,,,,,,,,,,3015939,2009-03-31
,,,,,,,,,,,,,,,,,,,,3016347,2009-03-31
,,,,,,,,,,,,,,,,,,,,3017737,2009-03-31
,,,,,,,,,,,,,,,,,,,,3019982,2009-03-31
,,,,,,,,,,,,,,,,,,,,3020193,2009-03-31
,,,,,,,,,,,,,,,,,,,,3020447,2009-03-31
,,,,,,,,,,,,,,,,,,,,3020746,2009-03-31
,,,,,,,,,,,,,,,,,,,,3022076,2009-03-31
,,,,,,,,,,,,,,,,,,,,3022610,2009-03-31
,,,,,,,,,,,,,,,,,,,,3023701,2009-03-31
,,,,,,,,,,,,,,,,,,,,3025134,2009-03-31
,,,,,,,,,,,,,,,,,,,,3025406,2009-03-31
,,,,,,,,,,,,,,,,,,,,3025929,2009-03-31
,,,,,,,,,,,,,,,,,,,,3027174,2009-03-31
,,,,,,,,,,,,,,,,,,,,3027763,2009-03-31
,,,,,,,,,,,,,,,,,,,,3028902,2009-03-31
,,,,,,,,,,,,,,,,,,,,3029589,2009-03-31
,,,,,,,,,,,,,,,,,,,,3030697,2009-03-31
,,,,,,,,,,,,,,,,,,,,3030969,2009-03-31
,,,,,,,,,,,,,,,,,,,,3032833,2009-03-31
,,,,,,,,,,,,,,,,,,,,3034257,2009-03-31
,,,,,,,,,,,,,,,,,,,,3034695,2009-03-31
,,,,,,,,,,,,,,,,,,,,3035759,2009-03-31
,,,,,,,,,,,,,,,,,,,,3037874,2009-03-31
,,,,,,,,,,,,,,,,,,,,3039636,2009-03-31
,,,,,,,,,,,,,,,,,,,,3041349,2009-03-31
,,,,,,,,,,,,,,,,,,,,3041358,2009-03-31
,,,,,,,,,,,,,,,,,,,,3041974,2009-03-31
,,,,,,,,,,,,,,,,,,,,3042234,2009-03-31
,,,,,,,,,,,,,,,,,,,,3043651,2009-03-31
,,,,,,,,,,,,,,,,,,,,3044500,2009-03-31
,,,,,,,,,,,,,,,,,,,,3044818,2009-03-31
,,,,,,,,,,,,,,,,,,,,3045299,2009-03-31
,,,,,,,,,,,,,,,,,,,,3045383,2009-03-31
,,,,,,,,,,,,,,,,,,,,3047314,2009-03-31
,,,,,,,,,,,,,,,,,,,,3047659,2009-03-31
,,,,,,,,,,,,,,,,,,,,3048067,2009-03-31
,,,,,,,,,,,,,,,,,,,,3048487,2009-03-31
,,,,,,,,,,,,,,,,,,,,3048861,2009-03-31
,,,,,,,,,,,,,,,,,,,,3048982,2009-03-31
,,,,,,,,,,,,,,,,,,,,3049514,2009-03-31
,,,,,,,,,,,,,,,,,,,,3049635,2009-03-31
,,,,,,,,,,,,,,,,,,,,3049653,2009-03-31
,,,,,,,,,,,,,,,,,,,,3049699,2009-03-31
,,,,,,,,,,,,,,,,,,,,3049701,2009-03-31
,,,,,,,,,,,,,,,,,,,,3049729,2009-03-31
,,,,,,,,,,,,,,,,,,,,3051021,2009-03-31
,,,,,,,,,,,,,,,,,,,,3051432,2009-03-31
,,,,,,,,,,,,,,,,,,,,3052813,2009-03-31
,,,,,,,,,,,,,,,,,,,,3057818,2009-03-31
,,,,,,,,,,,,,,,,,,,,3058114,2009-03-31
,,,,,,,,,,,,,,,,,,,,3058329,2009-03-31
,,,,,,,,,,,,,,,,,,,,3058619,2009-03-31
,,,,,,,,,,,,,,,,,,,,3066025,2009-03-31
,,,,,,,,,,,,,,,,,,,,3066155,2009-03-31
,,,,,,,,,,,,,,,,,,,,3067929,2009-03-31
,,,,,,,,,,,,,,,,,,,,3068579,2009-03-31
,,,,,,,,,,,,,,,,,,,,3070545,2009-03-31
,,,,,,,,,,,,,,,,,,,,3071083,2009-03-31
,,,,,,,,,,,,,,,,,,,,3071391,2009-03-31
,,,,,,,,,,,,,,,,,,,,3072053,2009-03-31
,,,,,,,,,,,,,,,,,,,,3073199,2009-03-31
,,,,,,,,,,,,,,,,,,,,3075278,2009-03-31
,,,,,,,,,,,,,,,,,,,,3075474,2009-03-31
,,,,,,,,,,,,,,,,,,,,3076190,2009-03-31
,,,,,,,,,,,,,,,,,,,,3076220,2009-03-31
,,,,,,,,,,,,,,,,,,,,3076248,2009-03-31
,,,,,,,,,,,,,,,,,,,,3076284,2009-03-31
,,,,,,,,,,,,,,,,,,,,3076453,2009-03-31
,,,,,,,,,,,,,,,,,,,,3076604,2009-03-31
,,,,,,,,,,,,,,,,,,,,3077629,2009-03-31
,,,,,,,,,,,,,,,,,,,,3077937,2009-03-31
,,,,,,,,,,,,,,,,,,,,3082052,2009-03-31
,,,,,,,,,,,,,,,,,,,,3085240,2009-03-31
,,,,,,,,,,,,,,,,,,,,3086256,2009-03-31
,,,,,,,,,,,,,,,,,,,,3089752,2009-03-31
,,,,,,,,,,,,,,,,,,,,3090310,2009-03-31
,,,,,,,,,,,,,,,,,,,,3090338,2009-03-31
,,,,,,,,,,,,,,,,,,,,3090833,2009-03-31
,,,,,,,,,,,,,,,,,,,,3093964,2009-03-31
,,,,,,,,,,,,,,,,,,,,3095641,2009-03-31
,,,,,,,,,,,,,,,,,,,,3097243,2009-03-31
,,,,,,,,,,,,,,,,,,,,3101654,2009-03-31
,,,,,,,,,,,,,,,,,,,,3101775,2009-03-31
,,,,,,,,,,,,,,,,,,,,3102893,2009-03-31
,,,,,,,,,,,,,,,,,,,,3103591,2009-03-31
,,,,,,,,,,,,,,,,,,,,3105308,2009-03-31
,,,,,,,,,,,,,,,,,,,,3108907,2009-03-31
,,,,,,,,,,,,,,,,,,,,3109043,2009-03-31
,,,,,,,,,,,,,,,,,,,,3109146,2009-03-31
,,,,,,,,,,,,,,,,,,,,3109584,2009-03-31
,,,,,,,,,,,,,,,,,,,,3110197,2009-03-31
,,,,,,,,,,,,,,,,,,,,3112070,2009-03-31
,,,,,,,,,,,,,,,,,,,,3115129,2009-03-31
,,,,,,,,,,,,,,,,,,,,3115277,2009-03-31
,,,,,,,,,,,,,,,,,,,,3116274,2009-03-31
,,,,,,,,,,,,,,,,,,,,3116519,2009-03-31
,,,,,,,,,,,,,,,,,,,,3116809,2009-03-31
,,,,,,,,,,,,,,,,,,,,3117431,2009-03-31
,,,,,,,,,,,,,,,,,,,,3118447,2009-03-31
,,,,,,,,,,,,,,,,,,,,3119163,2009-03-31
,,,,,,,,,,,,,,,,,,,,3119378,2009-03-31
,,,,,,,,,,,,,,,,,,,,3120646,2009-03-31
,,,,,,,,,,,,,,,,,,,,3120897,2009-03-31
,,,,,,,,,,,,,,,,,,,,3121045,2009-03-31
,,,,,,,,,,,,,,,,,,,,3121072,2009-03-31
,,,,,,,,,,,,,,,,,,,,3121081,2009-03-31
,,,,,,,,,,,,,,,,,,,,3121308,2009-03-31
,,,,,,,,,,,,,,,,,,,,3122828,2009-03-31
,,,,,,,,,,,,,,,,,,,,3122994,2009-03-31
,,,,,,,,,,,,,,,,,,,,3123106,2009-03-31
,,,,,,,,,,,,,,,,,,,,3125016,2009-03-31
,,,,,,,,,,,,,,,,,,,,3125137,2009-03-31
,,,,,,,,,,,,,,,,,,,,3125315,2009-03-31
,,,,,,,,,,,,,,,,,,,,3125557,2009-03-31
,,,,,,,,,,,,,,,,,,,,3125566,2009-03-31
,,,,,,,,,,,,,,,,,,,,3128174,2009-03-31
,,,,,,,,,,,,,,,,,,,,3128914,2009-03-31
,,,,,,,,,,,,,,,,,,,,3128923,2009-03-31
,,,,,,,,,,,,,,,,,,,,3129902,2009-03-31
,,,,,,,,,,,,,,,,,,,,3130216,2009-03-31
,,,,,,,,,,,,,,,,,,,,3130999,2009-03-31
,,,,,,,,,,,,,,,,,,,,3131400,2009-03-31
,,,,,,,,,,,,,,,,,,,,3132667,2009-03-31
,,,,,,,,,,,,,,,,,,,,3133011,2009-03-31
,,,,,,,,,,,,,,,,,,,,3133570,2009-03-31
,,,,,,,,,,,,,,,,,,,,3134250,2009-03-31
,,,,,,,,,,,,,,,,,,,,3134399,2009-03-31
,,,,,,,,,,,,,,,,,,,,3134698,2009-03-31
,,,,,,,,,,,,,,,,,,,,3134885,2009-03-31
,,,,,,,,,,,,,,,,,,,,3135097,2009-03-31
,,,,,,,,,,,,,,,,,,,,3138146,2009-03-31
,,,,,,,,,,,,,,,,,,,,3138182,2009-03-31
,,,,,,,,,,,,,,,,,,,,3139321,2009-03-31
,,,,,,,,,,,,,,,,,,,,3140309,2009-03-31
,,,,,,,,,,,,,,,,,,,,3140822,2009-03-31
,,,,,,,,,,,,,,,,,,,,3141726,2009-03-31
,,,,,,,,,,,,,,,,,,,,3142358,2009-03-31
,,,,,,,,,,,,,,,,,,,,3143805,2009-03-31
,,,,,,,,,,,,,,,,,,,,3145162,2009-03-31
,,,,,,,,,,,,,,,,,,,,3145797,2009-03-31
,,,,,,,,,,,,,,,,,,,,3145984,2009-03-31
,,,,,,,,,,,,,,,,,,,,3146150,2009-03-31
,,,,,,,,,,,,,,,,,,,,3148613,2009-03-31
,,,,,,,,,,,,,,,,,,,,3149012,2009-03-31
,,,,,,,,,,,,,,,,,,,,3150205,2009-03-31
,,,,,,,,,,,,,,,,,,,,3150474,2009-03-31
,,,,,,,,,,,,,,,,,,,,3150586,2009-03-31
,,,,,,,,,,,,,,,,,,,,3151417,2009-03-31
,,,,,,,,,,,,,,,,,,,,3151837,2009-03-31
,,,,,,,,,,,,,,,,,,,,3153233,2009-03-31
,,,,,,,,,,,,,,,,,,,,3153288,2009-03-31
,,,,,,,,,,,,,,,,,,,,3153297,2009-03-31
,,,,,,,,,,,,,,,,,,,,3153626,2009-03-31
,,,,,,,,,,,,,,,,,,,,3154780,2009-03-31
,,,,,,,,,,,,,,,,,,,,3157183,2009-03-31
,,,,,,,,,,,,,,,,,,,,3157697,2009-03-31
,,,,,,,,,,,,,,,,,,,,3158546,2009-03-31
,,,,,,,,,,,,,,,,,,,,3158863,2009-03-31
,,,,,,,,,,,,,,,,,,,,3160978,2009-03-31
,,,,,,,,,,,,,,,,,,,,3161144,2009-03-31
,,,,,,,,,,,,,,,,,,,,3165320,2009-03-31
,,,,,,,,,,,,,,,,,,,,3165357,2009-03-31
,,,,,,,,,,,,,,,,,,,,3165599,2009-03-31
,,,,,,,,,,,,,,,,,,,,3166699,2009-03-31
,,,,,,,,,,,,,,,,,,,,3166729,2009-03-31
,,,,,,,,,,,,,,,,,,,,3167883,2009-03-31
,,,,,,,,,,,,,,,,,,,,3168563,2009-03-31
,,,,,,,,,,,,,,,,,,,,3170276,2009-03-31
,,,,,,,,,,,,,,,,,,,,3172038,2009-03-31
,,,,,,,,,,,,,,,,,,,,3174920,2009-03-31
,,,,,,,,,,,,,,,,,,,,3175619,2009-03-31
,,,,,,,,,,,,,,,,,,,,3176812,2009-03-31
,,,,,,,,,,,,,,,,,,,,3177378,2009-03-31
,,,,,,,,,,,,,,,,,,,,3177426,2009-03-31
,,,,,,,,,,,,,,,,,,,,3178825,2009-03-31
,,,,,,,,,,,,,,,,,,,,3179082,2009-03-31
,,,,,,,,,,,,,,,,,,,,3179729,2009-03-31
,,,,,,,,,,,,,,,,,,,,3179831,2009-03-31
,,,,,,,,,,,,,,,,,,,,3180136,2009-03-31
,,,,,,,,,,,,,,,,,,,,3181197,2009-03-31
,,,,,,,,,,,,,,,,,,,,3182082,2009-03-31
,,,,,,,,,,,,,,,,,,,,3183584,2009-03-31
,,,,,,,,,,,,,,,,,,,,3184228,2009-03-31
,,,,,,,,,,,,,,,,,,,,3184460,2009-03-31
,,,,,,,,,,,,,,,,,,,,3184693,2009-03-31
,,,,,,,,,,,,,,,,,,,,3185485,2009-03-31
,,,,,,,,,,,,,,,,,,,,3185579,2009-03-31
,,,,,,,,,,,,,,,,,,,,3185896,2009-03-31
,,,,,,,,,,,,,,,,,,,,3187395,2009-03-31
,,,,,,,,,,,,,,,,,,,,3187612,2009-03-31
,,,,,,,,,,,,,,,,,,,,3187630,2009-03-31
,,,,,,,,,,,,,,,,,,,,3188646,2009-03-31
,,,,,,,,,,,,,,,,,,,,3188712,2009-03-31
,,,,,,,,,,,,,,,,,,,,3189063,2009-03-31
,,,,,,,,,,,,,,,,,,,,3189634,2009-03-31
,,,,,,,,,,,,,,,,,,,,3192960,2009-03-31
,,,,,,,,,,,,,,,,,,,,3194179,2009-03-31
,,,,,,,,,,,,,,,,,,,,3194638,2009-03-31
,,,,,,,,,,,,,,,,,,,,3194692,2009-03-31
,,,,,,,,,,,,,,,,,,,,3195037,2009-03-31
,,,,,,,,,,,,,,,,,,,,3195064,2009-03-31
,,,,,,,,,,,,,,,,,,,,3195653,2009-03-31
,,,,,,,,,,,,,,,,,,,,3195895,2009-03-31
,,,,,,,,,,,,,,,,,,,,3198421,2009-03-31
,,,,,,,,,,,,,,,,,,,,3198980,2009-03-31
,,,,,,,,,,,,,,,,,,,,3199811,2009-03-31
,,,,,,,,,,,,,,,,,,,,3200034,2009-03-31
,,,,,,,,,,,,,,,,,,,,3201527,2009-03-31
,,,,,,,,,,,,,,,,,,,,3201853,2009-03-31
,,,,,,,,,,,,,,,,,,,,3202702,2009-03-31
,,,,,,,,,,,,,,,,,,,,3202962,2009-03-31
,,,,,,,,,,,,,,,,,,,,3203996,2009-03-31
,,,,,,,,,,,,,,,,,,,,3204993,2009-03-31
,,,,,,,,,,,,,,,,,,,,3205253,2009-03-31
,,,,,,,,,,,,,,,,,,,,3205909,2009-03-31
,,,,,,,,,,,,,,,,,,,,3206399,2009-03-31
,,,,,,,,,,,,,,,,,,,,3206465,2009-03-31
,,,,,,,,,,,,,,,,,,,,3207921,2009-03-31
,,,,,,,,,,,,,,,,,,,,3208049,2009-03-31
,,,,,,,,,,,,,,,,,,,,3208441,2009-03-31
,,,,,,,,,,,,,,,,,,,,3211937,2009-03-31
,,,,,,,,,,,,,,,,,,,,3212149,2009-03-31
,,,,,,,,,,,,,,,,,,,,3212402,2009-03-31
,,,,,,,,,,,,,,,,,,,,3213333,2009-03-31
,,,,,,,,,,,,,,,,,,,,3213735,2009-03-31
,,,,,,,,,,,,,,,,,,,,3214059,2009-03-31
,,,,,,,,,,,,,,,,,,,,3216017,2009-03-31
,,,,,,,,,,,,,,,,,,,,3216316,2009-03-31
,,,,,,,,,,,,,,,,,,,,3217331,2009-03-31
,,,,,,,,,,,,,,,,,,,,3217957,2009-03-31
,,,,,,,,,,,,,,,,,,,,3219175,2009-03-31
,,,,,,,,,,,,,,,,,,,,3219214,2009-03-31
,,,,,,,,,,,,,,,,,,,,3219335,2009-03-31
,,,,,,,,,,,,,,,,,,,,3220500,2009-03-31
,,,,,,,,,,,,,,,,,,,,3220818,2009-03-31
,,,,,,,,,,,,,,,,,,,,3220863,2009-03-31
,,,,,,,,,,,,,,,,,,,,3221468,2009-03-31
,,,,,,,,,,,,,,,,,,,,3223305,2009-03-31
,,,,,,,,,,,,,,,,,,,,3223408,2009-03-31
,,,,,,,,,,,,,,,,,,,,3223417,2009-03-31
,,,,,,,,,,,,,,,,,,,,3223444,2009-03-31
,,,,,,,,,,,,,,,,,,,,3223695,2009-03-31
,,,,,,,,,,,,,,,,,,,,3223800,2009-03-31
,,,,,,,,,,,,,,,,,,,,3224302,2009-03-31
,,,,,,,,,,,,,,,,,,,,3224375,2009-03-31
,,,,,,,,,,,,,,,,,,,,3224478,2009-03-31
,,,,,,,,,,,,,,,,,,,,3224580,2009-03-31
,,,,,,,,,,,,,,,,,,,,3227442,2009-03-31
,,,,,,,,,,,,,,,,,,,,3228908,2009-03-31
,,,,,,,,,,,,,,,,,,,,3229875,2009-03-31
,,,,,,,,,,,,,,,,,,,,3232204,2009-03-31
,,,,,,,,,,,,,,,,,,,,3232370,2009-03-31
,,,,,,,,,,,,,,,,,,,,3233407,2009-03-31
,,,,,,,,,,,,,,,,,,,,3234598,2009-03-31
,,,,,,,,,,,,,,,,,,,,3235410,2009-03-31
,,,,,,,,,,,,,,,,,,,,3235689,2009-03-31
,,,,,,,,,,,,,,,,,,,,3236396,2009-03-31
,,,,,,,,,,,,,,,,,,,,3242575,2009-03-31
,,,,,,,,,,,,,,,,,,,,3243282,2009-03-31
,,,,,,,,,,,,,,,,,,,,3247589,2009-03-31
,,,,,,,,,,,,,,,,,,,,3247598,2009-03-31
,,,,,,,,,,,,,,,,,,,,3248849,2009-03-31
,,,,,,,,,,,,,,,,,,,,3249770,2009-03-31
,,,,,,,,,,,,,,,,,,,,3250114,2009-03-31
,,,,,,,,,,,,,,,,,,,,3251081,2009-03-31
,,,,,,,,,,,,,,,,,,,,3252510,2009-03-31
,,,,,,,,,,,,,,,,,,,,3253571,2009-03-31
,,,,,,,,,,,,,,,,,,,,3253834,2009-03-31
,,,,,,,,,,,,,,,,,,,,3254185,2009-03-31
,,,,,,,,,,,,,,,,,,,,3254297,2009-03-31
,,,,,,,,,,,,,,,,,,,,3255098,2009-03-31
,,,,,,,,,,,,,,,,,,,,3257047,2009-03-31
,,,,,,,,,,,,,,,,,,,,3258286,2009-03-31
,,,,,,,,,,,,,,,,,,,,3259171,2009-03-31
,,,,,,,,,,,,,,,,,,,,3261549,2009-03-31
,,,,,,,,,,,,,,,,,,,,3262788,2009-03-31
,,,,,,,,,,,,,,,,,,,,3263833,2009-03-31
,,,,,,,,,,,,,,,,,,,,3264782,2009-03-31
,,,,,,,,,,,,,,,,,,,,3265257,2009-03-31
,,,,,,,,,,,,,,,,,,,,3266487,2009-03-31
,,,,,,,,,,,,,,,,,,,,3266825,2009-03-31
,,,,,,,,,,,,,,,,,,,,3267738,2009-03-31
,,,,,,,,,,,,,,,,,,,,3267934,2009-03-31
,,,,,,,,,,,,,,,,,,,,3268173,2009-03-31
,,,,,,,,,,,,,,,,,,,,3268249,2009-03-31
,,,,,,,,,,,,,,,,,,,,3269590,2009-03-31
,,,,,,,,,,,,,,,,,,,,3269844,2009-03-31
,,,,,,,,,,,,,,,,,,,,3269974,2009-03-31
,,,,,,,,,,,,,,,,,,,,3270046,2009-03-31
,,,,,,,,,,,,,,,,,,,,3271007,2009-03-31
,,,,,,,,,,,,,,,,,,,,3271799,2009-03-31
,,,,,,,,,,,,,,,,,,,,3271986,2009-03-31
,,,,,,,,,,,,,,,,,,,,3272956,2009-03-31
,,,,,,,,,,,,,,,,,,,,3273823,2009-03-31
,,,,,,,,,,,,,,,,,,,,3274709,2009-03-31
,,,,,,,,,,,,,,,,,,,,3274772,2009-03-31
,,,,,,,,,,,,,,,,,,,,3275283,2009-03-31
,,,,,,,,,,,,,,,,,,,,3275939,2009-03-31
,,,,,,,,,,,,,,,,,,,,3276543,2009-03-31
,,,,,,,,,,,,,,,,,,,,3277241,2009-03-31
,,,,,,,,,,,,,,,,,,,,3277876,2009-03-31
,,,,,,,,,,,,,,,,,,,,3277988,2009-03-31
,,,,,,,,,,,,,,,,,,,,3278387,2009-03-31
,,,,,,,,,,,,,,,,,,,,3278547,2009-03-31
,,,,,,,,,,,,,,,,,,,,3279450,2009-03-31
,,,,,,,,,,,,,,,,,,,,3279469,2009-03-31
,,,,,,,,,,,,,,,,,,,,3280335,2009-03-31
,,,,,,,,,,,,,,,,,,,,3280625,2009-03-31
,,,,,,,,,,,,,,,,,,,,3281293,2009-03-31
,,,,,,,,,,,,,,,,,,,,3281510,2009-03-31
,,,,,,,,,,,,,,,,,,,,3282012,2009-03-31
,,,,,,,,,,,,,,,,,,,,3282021,2009-03-31
,,,,,,,,,,,,,,,,,,,,3282692,2009-03-31
,,,,,,,,,,,,,,,,,,,,3282852,2009-03-31
,,,,,,,,,,,,,,,,,,,,3283372,2009-03-31
,,,,,,,,,,,,,,,,,,,,3283765,2009-03-31
,,,,,,,,,,,,,,,,,,,,3284070,2009-03-31
,,,,,,,,,,,,,,,,,,,,3284100,2009-03-31
,,,,,,,,,,,,,,,,,,,,3284397,2009-03-31
,,,,,,,,,,,,,,,,,,,,3284445,2009-03-31
,,,,,,,,,,,,,,,,,,,,3284490,2009-03-31
,,,,,,,,,,,,,,,,,,,,3284780,2009-03-31
,,,,,,,,,,,,,,,,,,,,3285246,2009-03-31
,,,,,,,,,,,,,,,,,,,,3285778,2009-03-31
,,,,,,,,,,,,,,,,,,,,3286999,2009-03-31
,,,,,,,,,,,,,,,,,,,,3287325,2009-03-31
,,,,,,,,,,,,,,,,,,,,3287503,2009-03-31
,,,,,,,,,,,,,,,,,,,,3287660,2009-03-31
,,,,,,,,,,,,,,,,,,,,3288265,2009-03-31
,,,,,,,,,,,,,,,,,,,,3288452,2009-03-31
,,,,,,,,,,,,,,,,,,,,3288742,2009-03-31
,,,,,,,,,,,,,,,,,,,,3290231,2009-03-31
,,,,,,,,,,,,,,,,,,,,3290240,2009-03-31
,,,,,,,,,,,,,,,,,,,,3293540,2009-03-31
,,,,,,,,,,,,,,,,,,,,3293746,2009-03-31
,,,,,,,,,,,,,,,,,,,,3294583,2009-03-31
,,,,,,,,,,,,,,,,,,,,3295320,2009-03-31
,,,,,,,,,,,,,,,,,,,,3296149,2009-03-31
,,,,,,,,,,,,,,,,,,,,3296859,2009-03-31
,,,,,,,,,,,,,,,,,,,,3297490,2009-03-31
,,,,,,,,,,,,,,,,,,,,3298769,2009-03-31
,,,,,,,,,,,,,,,,,,,,3299159,2009-03-31
,,,,,,,,,,,,,,,,,,,,3299168,2009-03-31
,,,,,,,,,,,,,,,,,,,,3299793,2009-03-31
,,,,,,,,,,,,,,,,,,,,3299814,2009-03-31
,,,,,,,,,,,,,,,,,,,,3301641,2009-03-31
,,,,,,,,,,,,,,,,,,,,3301865,2009-03-31
,,,,,,,,,,,,,,,,,,,,3302312,2009-03-31
,,,,,,,,,,,,,,,,,,,,3302451,2009-03-31
,,,,,,,,,,,,,,,,,,,,3303298,2009-03-31
,,,,,,,,,,,,,,,,,,,,3303476,2009-03-31
,,,,,,,,,,,,,,,,,,,,3303917,2009-03-31
,,,,,,,,,,,,,,,,,,,,3303944,2009-03-31
,,,,,,,,,,,,,,,,,,,,3303953,2009-03-31
,,,,,,,,,,,,,,,,,,,,3304428,2009-03-31
,,,,,,,,,,,,,,,,,,,,3306280,2009-03-31
,,,,,,,,,,,,,,,,,,,,3306299,2009-03-31
,,,,,,,,,,,,,,,,,,,,3306598,2009-03-31
,,,,,,,,,,,,,,,,,,,,3307371,2009-03-31
,,,,,,,,,,,,,,,,,,,,3307410,2009-03-31
,,,,,,,,,,,,,,,,,,,,3308145,2009-03-31
,,,,,,,,,,,,,,,,,,,,3308314,2009-03-31
,,,,,,,,,,,,,,,,,,,,3308471,2009-03-31
,,,,,,,,,,,,,,,,,,,,3308529,2009-03-31
,,,,,,,,,,,,,,,,,,,,3308574,2009-03-31
,,,,,,,,,,,,,,,,,,,,3309393,2009-03-31
,,,,,,,,,,,,,,,,,,,,3309571,2009-03-31
,,,,,,,,,,,,,,,,,,,,3309768,2009-03-31
,,,,,,,,,,,,,,,,,,,,3310287,2009-03-31
,,,,,,,,,,,,,,,,,,,,3311145,2009-03-31
,,,,,,,,,,,,,,,,,,,,3311181,2009-03-31
,,,,,,,,,,,,,,,,,,,,3312124,2009-03-31
,,,,,,,,,,,,,,,,,,,,3313943,2009-03-31
,,,,,,,,,,,,,,,,,,,,3314043,2009-03-31
,,,,,,,,,,,,,,,,,,,,3314119,2009-03-31
,,,,,,,,,,,,,,,,,,,,3316739,2009-03-31
,,,,,,,,,,,,,,,,,,,,3317192,2009-03-31
,,,,,,,,,,,,,,,,,,,,3317932,2009-03-31
,,,,,,,,,,,,,,,,,,,,3320576,2009-03-31
,,,,,,,,,,,,,,,,,,,,3320781,2009-03-31
,,,,,,,,,,,,,,,,,,,,3322468,2009-03-31
,,,,,,,,,,,,,,,,,,,,3322561,2009-03-31
,,,,,,,,,,,,,,,,,,,,3324994,2009-03-31
,,,,,,,,,,,,,,,,,,,,3325759,2009-03-31
,,,,,,,,,,,,,,,,,,,,3327164,2009-03-31
,,,,,,,,,,,,,,,,,,,,3328376,2009-03-31
,,,,,,,,,,,,,,,,,,,,3329702,2009-03-31
,,,,,,,,,,,,,,,,,,,,3333594,2009-03-31
,,,,,,,,,,,,,,,,,,,,3333848,2009-03-31
,,,,,,,,,,,,,,,,,,,,3335301,2009-03-31
,,,,,,,,,,,,,,,,,,,,3335598,2009-03-31
,,,,,,,,,,,,,,,,,,,,3336607,2009-03-31
,,,,,,,,,,,,,,,,,,,,3337097,2009-03-31
,,,,,,,,,,,,,,,,,,,,3338357,2009-03-31
,,,,,,,,,,,,,,,,,,,,3338704,2009-03-31
,,,,,,,,,,,,,,,,,,,,3338843,2009-03-31
,,,,,,,,,,,,,,,,,,,,3339046,2009-03-31
,,,,,,,,,,,,,,,,,,,,3339925,2009-03-31
,,,,,,,,,,,,,,,,,,,,3340903,2009-03-31
,,,,,,,,,,,,,,,,,,,,3341393,2009-03-31
,,,,,,,,,,,,,,,,,,,,3342671,2009-03-31
,,,,,,,,,,,,,,,,,,,,3343146,2009-03-31
,,,,,,,,,,,,,,,,,,,,3344321,2009-03-31
,,,,,,,,,,,,,,,,,,,,3344536,2009-03-31
,,,,,,,,,,,,,,,,,,,,3344611,2009-03-31
,,,,,,,,,,,,,,,,,,,,3345065,2009-03-31
,,,,,,,,,,,,,,,,,,,,3345168,2009-03-31
,,,,,,,,,,,,,,,,,,,,3345449,2009-03-31
,,,,,,,,,,,,,,,,,,,,3345944,2009-03-31
,,,,,,,,,,,,,,,,,,,,3346268,2009-03-31
,,,,,,,,,,,,,,,,,,,,3346286,2009-03-31
,,,,,,,,,,,,,,,,,,,,3346295,2009-03-31
,,,,,,,,,,,,,,,,,,,,3346633,2009-03-31
,,,,,,,,,,,,,,,,,,,,3347603,2009-03-31
,,,,,,,,,,,,,,,,,,,,3347911,2009-03-31
,,,,,,,,,,,,,,,,,,,,3348057,2009-03-31
,,,,,,,,,,,,,,,,,,,,3348468,2009-03-31
,,,,,,,,,,,,,,,,,,,,3348888,2009-03-31
,,,,,,,,,,,,,,,,,,,,3349241,2009-03-31
,,,,,,,,,,,,,,,,,,,,3349643,2009-03-31
,,,,,,,,,,,,,,,,,,,,3350546,2009-03-31
,,,,,,,,,,,,,,,,,,,,3350658,2009-03-31
,,,,,,,,,,,,,,,,,,,,3350724,2009-03-31
,,,,,,,,,,,,,,,,,,,,3350779,2009-03-31
,,,,,,,,,,,,,,,,,,,,3351440,2009-03-31
,,,,,,,,,,,,,,,,,,,,3351598,2009-03-31
,,,,,,,,,,,,,,,,,,,,3353154,2009-03-31
,,,,,,,,,,,,,,,,,,,,3353172,2009-03-31
,,,,,,,,,,,,,,,,,,,,3353266,2009-03-31
,,,,,,,,,,,,,,,,,,,,3354599,2009-03-31
,,,,,,,,,,,,,,,,,,,,3355587,2009-03-31
,,,,,,,,,,,,,,,,,,,,3356191,2009-03-31
,,,,,,,,,,,,,,,,,,,,3357077,2009-03-31
,,,,,,,,,,,,,,,,,,,,3357219,2009-03-31
,,,,,,,,,,,,,,,,,,,,3357385,2009-03-31
,,,,,,,,,,,,,,,,,,,,3357620,2009-03-31
,,,,,,,,,,,,,,,,,,,,3357705,2009-03-31
,,,,,,,,,,,,,,,,,,,,3357871,2009-03-31
,,,,,,,,,,,,,,,,,,,,3357899,2009-03-31
,,,,,,,,,,,,,,,,,,,,3357910,2009-03-31
,,,,,,,,,,,,,,,,,,,,3357947,2009-03-31
,,,,,,,,,,,,,,,,,,,,3358252,2009-03-31
,,,,,,,,,,,,,,,,,,,,3358270,2009-03-31
,,,,,,,,,,,,,,,,,,,,3358289,2009-03-31
,,,,,,,,,,,,,,,,,,,,3359062,2009-03-31
,,,,,,,,,,,,,,,,,,,,3363920,2009-03-31
,,,,,,,,,,,,,,,,,,,,3363939,2009-03-31
,,,,,,,,,,,,,,,,,,,,3363957,2009-03-31
,,,,,,,,,,,,,,,,,,,,3363966,2009-03-31
,,,,,,,,,,,,,,,,,,,,3363975,2009-03-31
,,,,,,,,,,,,,,,,,,,,3366239,2009-03-31
,,,,,,,,,,,,,,,,,,,,3366453,2009-03-31
,,,,,,,,,,,,,,,,,,,,3367067,2009-03-31
,,,,,,,,,,,,,,,,,,,,3367085,2009-03-31
,,,,,,,,,,,,,,,,,,,,3367964,2009-03-31
,,,,,,,,,,,,,,,,,,,,3368635,2009-03-31
,,,,,,,,,,,,,,,,,,,,3368831,2009-03-31
,,,,,,,,,,,,,,,,,,,,3368925,2009-03-31
,,,,,,,,,,,,,,,,,,,,3368989,2009-03-31
,,,,,,,,,,,,,,,,,,,,3369007,2009-03-31
,,,,,,,,,,,,,,,,,,,,3369940,2009-03-31
,,,,,,,,,,,,,,,,,,,,3369959,2009-03-31
,,,,,,,,,,,,,,,,,,,,3370133,2009-03-31
,,,,,,,,,,,,,,,,,,,,3370357,2009-03-31
,,,,,,,,,,,,,,,,,,,,3370366,2009-03-31
,,,,,,,,,,,,,,,,,,,,3370384,2009-03-31
,,,,,,,,,,,,,,,,,,,,3371309,2009-03-31
,,,,,,,,,,,,,,,,,,,,3373947,2009-03-31
,,,,,,,,,,,,,,,,,,,,3374186,2009-03-31
,,,,,,,,,,,,,,,,,,,,3374234,2009-03-31
,,,,,,,,,,,,,,,,,,,,3374298,2009-03-31
,,,,,,,,,,,,,,,,,,,,3374382,2009-03-31
,,,,,,,,,,,,,,,,,,,,3374403,2009-03-31
,,,,,,,,,,,,,,,,,,,,3374412,2009-03-31
,,,,,,,,,,,,,,,,,,,,3374878,2009-03-31
,,,,,,,,,,,,,,,,,,,,3375080,2009-03-31
,,,,,,,,,,,,,,,,,,,,3376461,2009-03-31
,,,,,,,,,,,,,,,,,,,,3376733,2009-03-31
,,,,,,,,,,,,,,,,,,,,3377084,2009-03-31
,,,,,,,,,,,,,,,,,,,,3377235,2009-03-31
,,,,,,,,,,,,,,,,,,,,3377374,2009-03-31
,,,,,,,,,,,,,,,,,,,,3377954,2009-03-31
,,,,,,,,,,,,,,,,,,,,3378773,2009-03-31
,,,,,,,,,,,,,,,,,,,,3379426,2009-03-31
,,,,,,,,,,,,,,,,,,,,3379471,2009-03-31
,,,,,,,,,,,,,,,,,,,,3379819,2009-03-31
,,,,,,,,,,,,,,,,,,,,3380066,2009-03-31
,,,,,,,,,,,,,,,,,,,,3382547,2009-03-31
,,,,,,,,,,,,,,,,,,,,3382921,2009-03-31
,,,,,,,,,,,,,,,,,,,,3382967,2009-03-31
,,,,,,,,,,,,,,,,,,,,3383076,2009-03-31
,,,,,,,,,,,,,,,,,,,,3383366,2009-03-31
,,,,,,,,,,,,,,,,,,,,3383599,2009-03-31
,,,,,,,,,,,,,,,,,,,,3383601,2009-03-31
,,,,,,,,,,,,,,,,,,,,3383665,2009-03-31
,,,,,,,,,,,,,,,,,,,,3383982,2009-03-31
,,,,,,,,,,,,,,,,,,,,3384318,2009-03-31
,,,,,,,,,,,,,,,,,,,,3384372,2009-03-31
,,,,,,,,,,,,,,,,,,,,3384466,2009-03-31
,,,,,,,,,,,,,,,,,,,,3384840,2009-03-31
,,,,,,,,,,,,,,,,,,,,3384868,2009-03-31
,,,,,,,,,,,,,,,,,,,,3384934,2009-03-31
,,,,,,,,,,,,,,,,,,,,3384952,2009-03-31
,,,,,,,,,,,,,,,,,,,,3385324,2009-03-31
,,,,,,,,,,,,,,,,,,,,3385744,2009-03-31
,,,,,,,,,,,,,,,,,,,,3386143,2009-03-31
,,,,,,,,,,,,,,,,,,,,3386264,2009-03-31
,,,,,,,,,,,,,,,,,,,,3386536,2009-03-31
,,,,,,,,,,,,,,,,,,,,3386554,2009-03-31
,,,,,,,,,,,,,,,,,,,,3386590,2009-03-31
,,,,,,,,,,,,,,,,,,,,3386983,2009-03-31
,,,,,,,,,,,,,,,,,,,,3387140,2009-03-31
,,,,,,,,,,,,,,,,,,,,3387159,2009-03-31
,,,,,,,,,,,,,,,,,,,,3387926,2009-03-31
,,,,,,,,,,,,,,,,,,,,3388080,2009-03-31
,,,,,,,,,,,,,,,,,,,,3388165,2009-03-31
,,,,,,,,,,,,,,,,,,,,3388370,2009-03-31
,,,,,,,,,,,,,,,,,,,,3388419,2009-03-31
,,,,,,,,,,,,,,,,,,,,3388482,2009-03-31
,,,,,,,,,,,,,,,,,,,,3389434,2009-03-31
,,,,,,,,,,,,,,,,,,,,3389582,2009-03-31
,,,,,,,,,,,,,,,,,,,,3390337,2009-03-31
,,,,,,,,,,,,,,,,,,,,3390627,2009-03-31
,,,,,,,,,,,,,,,,,,,,3390702,2009-03-31
,,,,,,,,,,,,,,,,,,,,3391606,2009-03-31
,,,,,,,,,,,,,,,,,,,,3391718,2009-03-31
,,,,,,,,,,,,,,,,,,,,3392292,2009-03-31
,,,,,,,,,,,,,,,,,,,,3392872,2009-03-31
,,,,,,,,,,,,,,,,,,,,3392975,2009-03-31
,,,,,,,,,,,,,,,,,,,,3393785,2009-03-31
,,,,,,,,,,,,,,,,,,,,3393806,2009-03-31
,,,,,,,,,,,,,,,,,,,,3393824,2009-03-31
,,,,,,,,,,,,,,,,,,,,3393851,2009-03-31
,,,,,,,,,,,,,,,,,,,,3394018,2009-03-31
,,,,,,,,,,,,,,,,,,,,3394278,2009-03-31
,,,,,,,,,,,,,,,,,,,,3394380,2009-03-31
,,,,,,,,,,,,,,,,,,,,3394670,2009-03-31
,,,,,,,,,,,,,,,,,,,,3395293,2009-03-31
,,,,,,,,,,,,,,,,,,,,3396375,2009-03-31
,,,,,,,,,,,,,,,,,,,,3396535,2009-03-31
,,,,,,,,,,,,,,,,,,,,3397019,2009-03-31
,,,,,,,,,,,,,,,,,,,,3397233,2009-03-31
,,,,,,,,,,,,,,,,,,,,3398100,2009-03-31
,,,,,,,,,,,,,,,,,,,,3398306,2009-03-31
,,,,,,,,,,,,,,,,,,,,3398623,2009-03-31
,,,,,,,,,,,,,,,,,,,,3400928,2009-03-31
,,,,,,,,,,,,,,,,,,,,3401970,2009-03-31
,,,,,,,,,,,,,,,,,,,,3402481,2009-03-31
,,,,,,,,,,,,,,,,,,,,3402575,2009-03-31
,,,,,,,,,,,,,,,,,,,,3402904,2009-03-31
,,,,,,,,,,,,,,,,,,,,3402913,2009-03-31
,,,,,,,,,,,,,,,,,,,,3404207,2009-03-31
,,,,,,,,,,,,,,,,,,,,3404373,2009-03-31
,,,,,,,,,,,,,,,,,,,,3404467,2009-03-31
,,,,,,,,,,,,,,,,,,,,3404506,2009-03-31
,,,,,,,,,,,,,,,,,,,,3404869,2009-03-31
,,,,,,,,,,,,,,,,,,,,3404999,2009-03-31
,,,,,,,,,,,,,,,,,,,,3405633,2009-03-31
,,,,,,,,,,,,,,,,,,,,3407084,2009-03-31
,,,,,,,,,,,,,,,,,,,,3407114,2009-03-31
,,,,,,,,,,,,,,,,,,,,3408728,2009-03-31
,,,,,,,,,,,,,,,,,,,,3409462,2009-03-31
,,,,,,,,,,,,,,,,,,,,3410141,2009-03-31
,,,,,,,,,,,,,,,,,,,,3411018,2009-03-31
,,,,,,,,,,,,,,,,,,,,3411773,2009-03-31
,,,,,,,,,,,,,,,,,,,,3411791,2009-03-31
,,,,,,,,,,,,,,,,,,,,3412417,2009-03-31
,,,,,,,,,,,,,,,,,,,,3414046,2009-03-31
,,,,,,,,,,,,,,,,,,,,3415454,2009-03-31
,,,,,,,,,,,,,,,,,,,,3415463,2009-03-31
,,,,,,,,,,,,,,,,,,,,3417319,2009-03-31
,,,,,,,,,,,,,,,,,,,,3419416,2009-03-31
,,,,,,,,,,,,,,,,,,,,3422658,2009-03-31
,,,,,,,,,,,,,,,,,,,,3424483,2009-03-31
,,,,,,,,,,,,,,,,,,,,3425211,2009-03-31
,,,,,,,,,,,,,,,,,,,,3425725,2009-03-31
,,,,,,,,,,,,,,,,,,,,3426245,2009-03-31
,,,,,,,,,,,,,,,,,,,,3426656,2009-03-31
,,,,,,,,,,,,,,,,,,,,3427765,2009-03-31
,,,,,,,,,,,,,,,,,,,,3428221,2009-03-31
,,,,,,,,,,,,,,,,,,,,3428258,2009-03-31
,,,,,,,,,,,,,,,,,,,,3429059,2009-03-31
,,,,,,,,,,,,,,,,,,,,3429219,2009-03-31
,,,,,,,,,,,,,,,,,,,,3429282,2009-03-31
,,,,,,,,,,,,,,,,,,,,3430297,2009-03-31
,,,,,,,,,,,,,,,,,,,,3433047,2009-03-31
,,,,,,,,,,,,,,,,,,,,3433056,2009-03-31
,,,,,,,,,,,,,,,,,,,,3433186,2009-03-31
,,,,,,,,,,,,,,,,,,,,3435948,2009-03-31
,,,,,,,,,,,,,,,,,,,,3437081,2009-03-31
,,,,,,,,,,,,,,,,,,,,3437139,2009-03-31
,,,,,,,,,,,,,,,,,,,,3437148,2009-03-31
,,,,,,,,,,,,,,,,,,,,3437157,2009-03-31
,,,,,,,,,,,,,,,,,,,,3437166,2009-03-31
,,,,,,,,,,,,,,,,,,,,3437456,2009-03-31
,,,,,,,,,,,,,,,,,,,,3437483,2009-03-31
,,,,,,,,,,,,,,,,,,,,3438060,2009-03-31
,,,,,,,,,,,,,,,,,,,,3438958,2009-03-31
,,,,,,,,,,,,,,,,,,,,3440803,2009-03-31
,,,,,,,,,,,,,,,,,,,,3440830,2009-03-31
,,,,,,,,,,,,,,,,,,,,3441033,2009-03-31
,,,,,,,,,,,,,,,,,,,,3441426,2009-03-31
,,,,,,,,,,,,,,,,,,,,3441480,2009-03-31
,,,,,,,,,,,,,,,,,,,,3441592,2009-03-31
,,,,,,,,,,,,,,,,,,,,3442704,2009-03-31
,,,,,,,,,,,,,,,,,,,,3443345,2009-03-31
,,,,,,,,,,,,,,,,,,,,3444212,2009-03-31
,,,,,,,,,,,,,,,,,,,,3444539,2009-03-31
,,,,,,,,,,,,,,,,,,,,3444566,2009-03-31
,,,,,,,,,,,,,,,,,,,,3445170,2009-03-31
,,,,,,,,,,,,,,,,,,,,3445460,2009-03-31
,,,,,,,,,,,,,,,,,,,,3445769,2009-03-31
,,,,,,,,,,,,,,,,,,,,3445901,2009-03-31
,,,,,,,,,,,,,,,,,,,,3446225,2009-03-31
,,,,,,,,,,,,,,,,,,,,3446636,2009-03-31
,,,,,,,,,,,,,,,,,,,,3446784,2009-03-31
,,,,,,,,,,,,,,,,,,,,3447455,2009-03-31
,,,,,,,,,,,,,,,,,,,,3447576,2009-03-31
,,,,,,,,,,,,,,,,,,,,3447772,2009-03-31
,,,,,,,,,,,,,,,,,,,,3447875,2009-03-31
,,,,,,,,,,,,,,,,,,,,3447893,2009-03-31
,,,,,,,,,,,,,,,,,,,,3448162,2009-03-31
,,,,,,,,,,,,,,,,,,,,3448171,2009-03-31
,,,,,,,,,,,,,,,,,,,,3448180,2009-03-31
,,,,,,,,,,,,,,,,,,,,3448425,2009-03-31
,,,,,,,,,,,,,,,,,,,,3448751,2009-03-31
,,,,,,,,,,,,,,,,,,,,3448836,2009-03-31
,,,,,,,,,,,,,,,,,,,,3449066,2009-03-31
,,,,,,,,,,,,,,,,,,,,3449486,2009-03-31
,,,,,,,,,,,,,,,,,,,,3449730,2009-03-31
,,,,,,,,,,,,,,,,,,,,3450950,2009-03-31
,,,,,,,,,,,,,,,,,,,,3451050,2009-03-31
,,,,,,,,,,,,,,,,,,,,3451902,2009-03-31
,,,,,,,,,,,,,,,,,,,,3452123,2009-03-31
,,,,,,,,,,,,,,,,,,,,3452310,2009-03-31
,,,,,,,,,,,,,,,,,,,,3452365,2009-03-31
,,,,,,,,,,,,,,,,,,,,3453737,2009-03-31
,,,,,,,,,,,,,,,,,,,,3453867,2009-03-31
,,,,,,,,,,,,,,,,,,,,3454613,2009-03-31
,,,,,,,,,,,,,,,,,,,,3455227,2009-03-31
,,,,,,,,,,,,,,,,,,,,3455236,2009-03-31
,,,,,,,,,,,,,,,,,,,,3458862,2009-03-31
,,,,,,,,,,,,,,,,,,,,3459140,2009-03-31
,,,,,,,,,,,,,,,,,,,,3459207,2009-03-31
,,,,,,,,,,,,,,,,,,,,3459216,2009-03-31
,,,,,,,,,,,,,,,,,,,,3459346,2009-03-31
,,,,,,,,,,,,,,,,,,,,3460847,2009-03-31
,,,,,,,,,,,,,,,,,,,,3461488,2009-03-31
,,,,,,,,,,,,,,,,,,,,3462074,2009-03-31
,,,,,,,,,,,,,,,,,,,,3462092,2009-03-31
,,,,,,,,,,,,,,,,,,,,3462449,2009-03-31
,,,,,,,,,,,,,,,,,,,,3462458,2009-03-31
,,,,,,,,,,,,,,,,,,,,3462654,2009-03-31
,,,,,,,,,,,,,,,,,,,,3463875,2009-03-31
,,,,,,,,,,,,,,,,,,,,3464368,2009-03-31
,,,,,,,,,,,,,,,,,,,,3464827,2009-03-31
,,,,,,,,,,,,,,,,,,,,3465226,2009-03-31
,,,,,,,,,,,,,,,,,,,,3465244,2009-03-31
,,,,,,,,,,,,,,,,,,,,3465383,2009-03-31
,,,,,,,,,,,,,,,,,,,,3465392,2009-03-31
,,,,,,,,,,,,,,,,,,,,3466979,2009-03-31
,,,,,,,,,,,,,,,,,,,,3466988,2009-03-31
,,,,,,,,,,,,,,,,,,,,3467006,2009-03-31
,,,,,,,,,,,,,,,,,,,,3467266,2009-03-31
,,,,,,,,,,,,,,,,,,,,3467556,2009-03-31
,,,,,,,,,,,,,,,,,,,,3468450,2009-03-31
,,,,,,,,,,,,,,,,,,,,3468656,2009-03-31
,,,,,,,,,,,,,,,,,,,,3468665,2009-03-31
,,,,,,,,,,,,,,,,,,,,3469448,2009-03-31
,,,,,,,,,,,,,,,,,,,,3470097,2009-03-31
,,,,,,,,,,,,,,,,,,,,3470154,2009-03-31
,,,,,,,,,,,,,,,,,,,,3470864,2009-03-31
,,,,,,,,,,,,,,,,,,,,3470930,2009-03-31
,,,,,,,,,,,,,,,,,,,,3470985,2009-03-31
,,,,,,,,,,,,,,,,,,,,3471094,2009-03-31
,,,,,,,,,,,,,,,,,,,,3471209,2009-03-31
,,,,,,,,,,,,,,,,,,,,3472046,2009-03-31
,,,,,,,,,,,,,,,,,,,,3472167,2009-03-31
,,,,,,,,,,,,,,,,,,,,3472859,2009-03-31
,,,,,,,,,,,,,,,,,,,,3475083,2009-03-31
,,,,,,,,,,,,,,,,,,,,3476192,2009-03-31
,,,,,,,,,,,,,,,,,,,,3479018,2009-03-31
,,,,,,,,,,,,,,,,,,,,3480069,2009-03-31
,,,,,,,,,,,,,,,,,,,,3481703,2009-03-31
,,,,,,,,,,,,,,,,,,,,3482045,2009-03-31
,,,,,,,,,,,,,,,,,,,,3482111,2009-03-31
,,,,,,,,,,,,,,,,,,,,3482166,2009-03-31
,,,,,,,,,,,,,,,,,,,,3482812,2009-03-31
,,,,,,,,,,,,,,,,,,,,3482894,2009-03-31
,,,,,,,,,,,,,,,,,,,,3485019,2009-03-31
,,,,,,,,,,,,,,,,,,,,3485215,2009-03-31
,,,,,,,,,,,,,,,,,,,,3485224,2009-03-31
,,,,,,,,,,,,,,,,,,,,3485420,2009-03-31
,,,,,,,,,,,,,,,,,,,,3486623,2009-03-31
,,,,,,,,,,,,,,,,,,,,3487358,2009-03-31
,,,,,,,,,,,,,,,,,,,,3487385,2009-03-31
,,,,,,,,,,,,,,,,,,,,3487433,2009-03-31
,,,,,,,,,,,,,,,,,,,,3487509,2009-03-31
,,,,,,,,,,,,,,,,,,,,3487518,2009-03-31
,,,,,,,,,,,,,,,,,,,,3487947,2009-03-31
,,,,,,,,,,,,,,,,,,,,3488579,2009-03-31
,,,,,,,,,,,,,,,,,,,,3488869,2009-03-31
,,,,,,,,,,,,,,,,,,,,3488980,2009-03-31
,,,,,,,,,,,,,,,,,,,,3489035,2009-03-31
,,,,,,,,,,,,,,,,,,,,3489071,2009-03-31
,,,,,,,,,,,,,,,,,,,,3490871,2009-03-31
,,,,,,,,,,,,,,,,,,,,3503696,2009-03-31
,,,,,,,,,,,,,,,,,,,,3517590,2009-03-31
,,,,,,,,,,,,,,,,,,,,3525577,2009-03-31
,,,,,,,,,,,,,,,,,,,,3529650,2009-03-31
,,,,,,,,,,,,,,,,,,,,3531176,2009-03-31
,,,,,,,,,,,,,,,,,,,,3532641,2009-03-31
,,,,,,,,,,,,,,,,,,,,3535848,2009-03-31
,,,,,,,,,,,,,,,,,,,,3536407,2009-03-31
,,,,,,,,,,,,,,,,,,,,3537897,2009-03-31
,,,,,,,,,,,,,,,,,,,,3537963,2009-03-31
,,,,,,,,,,,,,,,,,,,,3538009,2009-03-31
,,,,,,,,,,,,,,,,,,,,3540310,2009-03-31
,,,,,,,,,,,,,,,,,,,,3545258,2009-03-31
,,,,,,,,,,,,,,,,,,,,3545324,2009-03-31
,,,,,,,,,,,,,,,,,,,,3546862,2009-03-31
,,,,,,,,,,,,,,,,,,,,3546899,2009-03-31
,,,,,,,,,,,,,,,,,,,,3547131,2009-03-31
,,,,,,,,,,,,,,,,,,,,3547140,2009-03-31
,,,,,,,,,,,,,,,,,,,,3547449,2009-03-31
,,,,,,,,,,,,,,,,,,,,3547896,2009-03-31
,,,,,,,,,,,,,,,,,,,,3548204,2009-03-31
,,,,,,,,,,,,,,,,,,,,3548567,2009-03-31
,,,,,,,,,,,,,,,,,,,,3548763,2009-03-31
,,,,,,,,,,,,,,,,,,,,3549180,2009-03-31
,,,,,,,,,,,,,,,,,,,,3549256,2009-03-31
,,,,,,,,,,,,,,,,,,,,3550131,2009-03-31
,,,,,,,,,,,,,,,,,,,,3550579,2009-03-31
,,,,,,,,,,,,,,,,,,,,3550896,2009-03-31
,,,,,,,,,,,,,,,,,,,,3551521,2009-03-31
,,,,,,,,,,,,,,,,,,,,3555248,2009-03-31
,,,,,,,,,,,,,,,,,,,,3555695,2009-03-31
,,,,,,,,,,,,,,,,,,,,3557617,2009-03-31
,,,,,,,,,,,,,,,,,,,,3557895,2009-03-31
,,,,,,,,,,,,,,,,,,,,3559714,2009-03-31
,,,,,,,,,,,,,,,,,,,,3559938,2009-03-31
,,,,,,,,,,,,,,,,,,,,3560420,2009-03-31
,,,,,,,,,,,,,,,,,,,,3560747,2009-03-31
,,,,,,,,,,,,,,,,,,,,3560756,2009-03-31
,,,,,,,,,,,,,,,,,,,,3560783,2009-03-31
,,,,,,,,,,,,,,,,,,,,3561771,2009-03-31
,,,,,,,,,,,,,,,,,,,,3564286,2009-03-31
,,,,,,,,,,,,,,,,,,,,3565265,2009-03-31
,,,,,,,,,,,,,,,,,,,,3567269,2009-03-31
,,,,,,,,,,,,,,,,,,,,3567504,2009-03-31
,,,,,,,,,,,,,,,,,,,,3571015,2009-03-31
,,,,,,,,,,,,,,,,,,,,3576337,2009-03-31
,,,,,,,,,,,,,,,,,,,,3577389,2009-03-31
,,,,,,,,,,,,,,,,,,,,3577428,2009-03-31
,,,,,,,,,,,,,,,,,,,,3579589,2009-03-31
,,,,,,,,,,,,,,,,,,,,3579936,2009-03-31
,,,,,,,,,,,,,,,,,,,,3580334,2009-03-31
,,,,,,,,,,,,,,,,,,,,3582552,2009-03-31
,,,,,,,,,,,,,,,,,,,,3582673,2009-03-31
,,,,,,,,,,,,,,,,,,,,3586925,2009-03-31
,,,,,,,,,,,,,,,,,,,,3587726,2009-03-31
,,,,,,,,,,,,,,,,,,,,3588312,2009-03-31
,,,,,,,,,,,,,,,,,,,,3588424,2009-03-31
,,,,,,,,,,,,,,,,,,,,3589588,2009-03-31
,,,,,,,,,,,,,,,,,,,,3590007,2009-03-31
,,,,,,,,,,,,,,,,,,,,3590016,2009-03-31
,,,,,,,,,,,,,,,,,,,,3590977,2009-03-31
,,,,,,,,,,,,,,,,,,,,3591004,2009-03-31
,,,,,,,,,,,,,,,,,,,,3591013,2009-03-31
,,,,,,,,,,,,,,,,,,,,3591282,2009-03-31
,,,,,,,,,,,,,,,,,,,,3592047,2009-03-31
,,,,,,,,,,,,,,,,,,,,3592609,2009-03-31
,,,,,,,,,,,,,,,,,,,,3592814,2009-03-31
,,,,,,,,,,,,,,,,,,,,3593307,2009-03-31
,,,,,,,,,,,,,,,,,,,,3594005,2009-03-31
,,,,,,,,,,,,,,,,,,,,3594087,2009-03-31
,,,,,,,,,,,,,,,,,,,,3594797,2009-03-31
,,,,,,,,,,,,,,,,,,,,3595066,2009-03-31
,,,,,,,,,,,,,,,,,,,,3595262,2009-03-31
,,,,,,,,,,,,,,,,,,,,3595271,2009-03-31
,,,,,,,,,,,,,,,,,,,,3595637,2009-03-31
,,,,,,,,,,,,,,,,,,,,3595682,2009-03-31
,,,,,,,,,,,,,,,,,,,,3595785,2009-03-31
,,,,,,,,,,,,,,,,,,,,3596111,2009-03-31
,,,,,,,,,,,,,,,,,,,,3596250,2009-03-31
,,,,,,,,,,,,,,,,,,,,3596380,2009-03-31
,,,,,,,,,,,,,,,,,,,,3596894,2009-03-31
,,,,,,,,,,,,,,,,,,,,3597211,2009-03-31
,,,,,,,,,,,,,,,,,,,,3597239,2009-03-31
,,,,,,,,,,,,,,,,,,,,3597305,2009-03-31
,,,,,,,,,,,,,,,,,,,,3597592,2009-03-31
,,,,,,,,,,,,,,,,,,,,3597677,2009-03-31
,,,,,,,,,,,,,,,,,,,,3598218,2009-03-31
,,,,,,,,,,,,,,,,,,,,3599055,2009-03-31
,,,,,,,,,,,,,,,,,,,,3599578,2009-03-31
,,,,,,,,,,,,,,,,,,,,3599608,2009-03-31
,,,,,,,,,,,,,,,,,,,,3601079,2009-03-31
,,,,,,,,,,,,,,,,,,,,3602469,2009-03-31
,,,,,,,,,,,,,,,,,,,,3602889,2009-03-31
,,,,,,,,,,,,,,,,,,,,3603457,2009-03-31
,,,,,,,,,,,,,,,,,,,,3603961,2009-03-31
,,,,,,,,,,,,,,,,,,,,3603970,2009-03-31
,,,,,,,,,,,,,,,,,,,,3604155,2009-03-31
,,,,,,,,,,,,,,,,,,,,3606533,2009-03-31
,,,,,,,,,,,,,,,,,,,,3606971,2009-03-31
,,,,,,,,,,,,,,,,,,,,3607062,2009-03-31
,,,,,,,,,,,,,,,,,,,,3610567,2009-03-31
,,,,,,,,,,,,,,,,,,,,3610576,2009-03-31
,,,,,,,,,,,,,,,,,,,,3610718,2009-03-31
,,,,,,,,,,,,,,,,,,,,3612525,2009-03-31
,,,,,,,,,,,,,,,,,,,,3613559,2009-03-31
,,,,,,,,,,,,,,,,,,,,3613652,2009-03-31
,,,,,,,,,,,,,,,,,,,,3614369,2009-03-31
,,,,,,,,,,,,,,,,,,,,3614837,2009-03-31
,,,,,,,,,,,,,,,,,,,,3614930,2009-03-31
,,,,,,,,,,,,,,,,,,,,3614958,2009-03-31
,,,,,,,,,,,,,,,,,,,,3614976,2009-03-31
,,,,,,,,,,,,,,,,,,,,3615021,2009-03-31
,,,,,,,,,,,,,,,,,,,,3616309,2009-03-31
,,,,,,,,,,,,,,,,,,,,3616680,2009-03-31
,,,,,,,,,,,,,,,,,,,,3617856,2009-03-31
,,,,,,,,,,,,,,,,,,,,3619216,2009-03-31
,,,,,,,,,,,,,,,,,,,,3620539,2009-03-31
,,,,,,,,,,,,,,,,,,,,3620913,2009-03-31
,,,,,,,,,,,,,,,,,,,,3620922,2009-03-31
,,,,,,,,,,,,,,,,,,,,3622533,2009-03-31
,,,,,,,,,,,,,,,,,,,,3623110,2009-03-31
,,,,,,,,,,,,,,,,,,,,3623969,2009-03-31
,,,,,,,,,,,,,,,,,,,,3625002,2009-03-31
,,,,,,,,,,,,,,,,,,,,3625048,2009-03-31
,,,,,,,,,,,,,,,,,,,,3625132,2009-03-31
,,,,,,,,,,,,,,,,,,,,3625589,2009-03-31
,,,,,,,,,,,,,,,,,,,,3625664,2009-03-31
,,,,,,,,,,,,,,,,,,,,3626184,2009-03-31
,,,,,,,,,,,,,,,,,,,,3626858,2009-03-31
,,,,,,,,,,,,,,,,,,,,3627109,2009-03-31
,,,,,,,,,,,,,,,,,,,,3628777,2009-03-31
,,,,,,,,,,,,,,,,,,,,3629420,2009-03-31
,,,,,,,,,,,,,,,,,,,,3629484,2009-03-31
,,,,,,,,,,,,,,,,,,,,3630323,2009-03-31
,,,,,,,,,,,,,,,,,,,,3631067,2009-03-31
,,,,,,,,,,,,,,,,,,,,3631870,2009-03-31
,,,,,,,,,,,,,,,,,,,,3632448,2009-03-31
,,,,,,,,,,,,,,,,,,,,3633016,2009-03-31
,,,,,,,,,,,,,,,,,,,,3633173,2009-03-31
,,,,,,,,,,,,,,,,,,,,3634394,2009-03-31
,,,,,,,,,,,,,,,,,,,,3634433,2009-03-31
,,,,,,,,,,,,,,,,,,,,3635029,2009-03-31
,,,,,,,,,,,,,,,,,,,,3635533,2009-03-31
,,,,,,,,,,,,,,,,,,,,3635551,2009-03-31
,,,,,,,,,,,,,,,,,,,,3636259,2009-03-31
,,,,,,,,,,,,,,,,,,,,3636428,2009-03-31
,,,,,,,,,,,,,,,,,,,,3636446,2009-03-31
,,,,,,,,,,,,,,,,,,,,3636914,2009-03-31
,,,,,,,,,,,,,,,,,,,,3637050,2009-03-31
,,,,,,,,,,,,,,,,,,,,3637096,2009-03-31
,,,,,,,,,,,,,,,,,,,,3637229,2009-03-31
,,,,,,,,,,,,,,,,,,,,3637247,2009-03-31
,,,,,,,,,,,,,,,,,,,,3637706,2009-03-31
,,,,,,,,,,,,,,,,,,,,3637993,2009-03-31
,,,,,,,,,,,,,,,,,,,,3640283,2009-03-31
,,,,,,,,,,,,,,,,,,,,3640854,2009-03-31
,,,,,,,,,,,,,,,,,,,,3641552,2009-03-31
,,,,,,,,,,,,,,,,,,,,3642287,2009-03-31
,,,,,,,,,,,,,,,,,,,,3642308,2009-03-31
,,,,,,,,,,,,,,,,,,,,3644311,2009-03-31
,,,,,,,,,,,,,,,,,,,,3645840,2009-03-31
,,,,,,,,,,,,,,,,,,,,3646397,2009-03-31
,,,,,,,,,,,,,,,,,,,,3648337,2009-03-31
,,,,,,,,,,,,,,,,,,,,3649624,2009-03-31
,,,,,,,,,,,,,,,,,,,,3649633,2009-03-31
,,,,,,,,,,,,,,,,,,,,3650273,2009-03-31
,,,,,,,,,,,,,,,,,,,,3650442,2009-03-31
,,,,,,,,,,,,,,,,,,,,3650563,2009-03-31
,,,,,,,,,,,,,,,,,,,,3650808,2009-03-31
,,,,,,,,,,,,,,,,,,,,3654712,2009-03-31
,,,,,,,,,,,,,,,,,,,,3655081,2009-03-31
,,,,,,,,,,,,,,,,,,,,3655933,2009-03-31
,,,,,,,,,,,,,,,,,,,,3660478,2009-03-31
,,,,,,,,,,,,,,,,,,,,3667105,2009-03-31
,,,,,,,,,,,,,,,,,,,,3667132,2009-03-31
,,,,,,,,,,,,,,,,,,,,3669930,2009-03-31
,,,,,,,,,,,,,,,,,,,,3671250,2009-03-31
,,,,,,,,,,,,,,,,,,,,3671997,2009-03-31
,,,,,,,,,,,,,,,,,,,,3672051,2009-03-31
,,,,,,,,,,,,,,,,,,,,3678857,2009-03-31
,,,,,,,,,,,,,,,,,,,,3685396,2009-03-31
,,,,,,,,,,,,,,,,,,,,3686722,2009-03-31
,,,,,,,,,,,,,,,,,,,,3686928,2009-03-31
,,,,,,,,,,,,,,,,,,,,3686982,2009-03-31
,,,,,,,,,,,,,,,,,,,,3688043,2009-03-31
,,,,,,,,,,,,,,,,,,,,3688548,2009-03-31
,,,,,,,,,,,,,,,,,,,,3688566,2009-03-31
,,,,,,,,,,,,,,,,,,,,3688623,2009-03-31
,,,,,,,,,,,,,,,,,,,,3689385,2009-03-31
,,,,,,,,,,,,,,,,,,,,3690121,2009-03-31
,,,,,,,,,,,,,,,,,,,,3690596,2009-03-31
,,,,,,,,,,,,,,,,,,,,3690635,2009-03-31
,,,,,,,,,,,,,,,,,,,,3690662,2009-03-31
,,,,,,,,,,,,,,,,,,,,3690701,2009-03-31
,,,,,,,,,,,,,,,,,,,,3696936,2009-03-31
,,,,,,,,,,,,,,,,,,,,3701054,2009-03-31
,,,,,,,,,,,,,,,,,,,,3706013,2009-03-31
,,,,,,,,,,,,,,,,,,,,3715341,2009-03-31
,,,,,,,,,,,,,,,,,,,,3715444,2009-03-31
,,,,,,,,,,,,,,,,,,,,3715800,2009-03-31
,,,,,,,,,,,,,,,,,,,,3716320,2009-03-31
,,,,,,,,,,,,,,,,,,,,3716852,2009-03-31
,,,,,,,,,,,,,,,,,,,,3716982,2009-03-31
,,,,,,,,,,,,,,,,,,,,3717167,2009-03-31
,,,,,,,,,,,,,,,,,,,,3717288,2009-03-31
,,,,,,,,,,,,,,,,,,,,3717578,2009-03-31
,,,,,,,,,,,,,,,,,,,,3718548,2009-03-31
,,,,,,,,,,,,,,,,,,,,3719620,2009-03-31
,,,,,,,,,,,,,,,,,,,,3719648,2009-03-31
,,,,,,,,,,,,,,,,,,,,3720336,2009-03-31
,,,,,,,,,,,,,,,,,,,,3720608,2009-03-31
,,,,,,,,,,,,,,,,,,,,3721605,2009-03-31
,,,,,,,,,,,,,,,,,,,,3729124,2009-03-31
,,,,,,,,,,,,,,,,,,,,3730746,2009-03-31
,,,,,,,,,,,,,,,,,,,,3733411,2009-03-31
,,,,,,,,,,,,,,,,,,,,3735040,2009-03-31
,,,,,,,,,,,,,,,,,,,,3744891,2009-03-31
,,,,,,,,,,,,,,,,,,,,3750650,2009-03-31
,,,,,,,,,,,,,,,,,,,,3783313,2009-03-31
,,,,,,,,,,,,,,,,,,,,3783948,2009-03-31
,,,,,,,,,,,,,,,,,,,,3786435,2009-03-31
,,,,,,,,,,,,,,,,,,,,3793714,2009-03-31
,,,,,,,,,,,,,,,,,,,,3794300,2009-03-31
,,,,,,,,,,,,,,,,,,,,3797712,2009-03-31
,,,,,,,,,,,,,,,,,,,,3798278,2009-03-31
,,,,,,,,,,,,,,,,,,,,3800621,2009-03-31
,,,,,,,,,,,,,,,,,,,,3803789,2009-03-31
,,,,,,,,,,,,,,,,,,,,3804535,2009-03-31
,,,,,,,,,,,,,,,,,,,,3806100,2009-03-31
,,,,,,,,,,,,,,,,,,,,3808832,2009-03-31
,,,,,,,,,,,,,,,,,,,,3809446,2009-03-31
,,,,,,,,,,,,,,,,,,,,3812165,2009-03-31
,,,,,,,,,,,,,,,,,,,,3813256,2009-03-31
,,,,,,,,,,,,,,,,,,,,3814673,2009-03-31
,,,,,,,,,,,,,,,,,,,,3816163,2009-03-31
,,,,,,,,,,,,,,,,,,,,3816510,2009-03-31
,,,,,,,,,,,,,,,,,,,,3817067,2009-03-31
,,,,,,,,,,,,,,,,,,,,3817964,2009-03-31
,,,,,,,,,,,,,,,,,,,,3820254,2009-03-31
,,,,,,,,,,,,,,,,,,,,3821354,2009-03-31
,,,,,,,,,,,,,,,,,,,,3821626,2009-03-31
,,,,,,,,,,,,,,,,,,,,3822016,2009-03-31
,,,,,,,,,,,,,,,,,,,,3822445,2009-03-31
,,,,,,,,,,,,,,,,,,,,3824542,2009-03-31
,,,,,,,,,,,,,,,,,,,,3825080,2009-03-31
,,,,,,,,,,,,,,,,,,,,3830235,2009-03-31
,,,,,,,,,,,,,,,,,,,,3831447,2009-03-31
,,,,,,,,,,,,,,,,,,,,3832127,2009-03-31
,,,,,,,,,,,,,,,,,,,,3835454,2009-03-31
,,,,,,,,,,,,,,,,,,,,3843730,2009-03-31
,,,,,,,,,,,,,,,,,,,,3885123,2009-03-31
,,,,,,,,,,,,,,,,,,,,3897434,2009-03-31
,,,,,,,,,,,,,,,,,,,,3900950,2009-03-31
