RCONFT04,RCONFT05,RCONHT81,RCONHT82,RCONHT86,RCONL191,RCONL192,RCONM288,RIADHT85,IDRSSD,RCON9999
,,,,,,,,,37,2008-06-30
,,,,,,,,,242,2008-06-30
,,,,,,,,,279,2008-06-30
,,,,,,,,,354,2008-06-30
,,,,,,,,,457,2008-06-30
,,,,,,,,,505,2008-06-30
,,,,,,,,,1155,2008-06-30
,,,,,,,,,1351,2008-06-30
,,,,,,,,,1454,2008-06-30
,,,,,,,,,1557,2008-06-30
,,,,,,,,,1632,2008-06-30
,,,,,,,,,1669,2008-06-30
,,,,,,,,,1829,2008-06-30
,,,,,,,,,1856,2008-06-30
,,,,,,,,,2040,2008-06-30
,,,,,,,,,2161,2008-06-30
,,,,,,,,,2376,2008-06-30
,,,,,,,,,2451,2008-06-30
,,,,,,,,,2554,2008-06-30
,,,,,,,,,2732,2008-06-30
,,,,,,,,,2750,2008-06-30
,,,,,,,,,2938,2008-06-30
,,,,,,,,,3252,2008-06-30
,,,,,,,,,3458,2008-06-30
,,,,,,,,,3720,2008-06-30
,,,,,,,,,3953,2008-06-30
,,,,,,,,,4138,2008-06-30
,,,,,,,,,4156,2008-06-30
,,,,,,,,,4231,2008-06-30
,,,,,,,,,4437,2008-06-30
,,,,,,,,,4839,2008-06-30
,,,,,,,,,5005,2008-06-30
,,,,,,,,,5069,2008-06-30
,,,,,,,,,5135,2008-06-30
,,,,,,,,,5210,2008-06-30
,,,,,,,,,5331,2008-06-30
,,,,,,,,,5461,2008-06-30
,,,,,,,,,5751,2008-06-30
,,,,,,,,,6039,2008-06-30
,,,,,,,,,6141,2008-06-30
,,,,,,,,,6329,2008-06-30
,,,,,,,,,6972,2008-06-30
,,,,,,,,,7009,2008-06-30
,,,,,,,,,7045,2008-06-30
,,,,,,,,,7157,2008-06-30
,,,,,,,,,7456,2008-06-30
,,,,,,,,,7634,2008-06-30
,,,,,,,,,8033,2008-06-30
,,,,,,,,,8462,2008-06-30
,,,,,,,,,8631,2008-06-30
,,,,,,,,,9357,2008-06-30
,,,,,,,,,9553,2008-06-30
,,,,,,,,,9807,2008-06-30
,,,,,,,,,9955,2008-06-30
,,,,,,,,,10157,2008-06-30
,,,,,,,,,10250,2008-06-30
,,,,,,,,,10849,2008-06-30
,,,,,,,,,10858,2008-06-30
,,,,,,,,,11145,2008-06-30
,,,,,,,,,11640,2008-06-30
,,,,,,,,,11837,2008-06-30
,,,,,,,,,12030,2008-06-30
,,,,,,,,,12058,2008-06-30
,,,,,,,,,12142,2008-06-30
,,,,,,,,,12245,2008-06-30
,,,,,,,,,12311,2008-06-30
,,,,,,,,,12647,2008-06-30
,,,,,,,,,12656,2008-06-30
,,,,,,,,,12937,2008-06-30
,,,,,,,,,12946,2008-06-30
,,,,,,,,,12955,2008-06-30
,,,,,,,,,13037,2008-06-30
,,,,,,,,,13103,2008-06-30
,,,,,,,,,13251,2008-06-30
,,,,,,,,,13457,2008-06-30
,,,,,,,,,14052,2008-06-30
,,,,,,,,,14155,2008-06-30
,,,,,,,,,14258,2008-06-30
,,,,,,,,,14454,2008-06-30
,,,,,,,,,14650,2008-06-30
,,,,,,,,,14753,2008-06-30
,,,,,,,,,14865,2008-06-30
,,,,,,,,,14977,2008-06-30
,,,,,,,,,15536,2008-06-30
,,,,,,,,,16337,2008-06-30
,,,,,,,,,16458,2008-06-30
,,,,,,,,,16551,2008-06-30
,,,,,,,,,16748,2008-06-30
,,,,,,,,,16944,2008-06-30
,,,,,,,,,16953,2008-06-30
,,,,,,,,,17110,2008-06-30
,,,,,,,,,17147,2008-06-30
,,,,,,,,,17259,2008-06-30
,,,,,,,,,17464,2008-06-30
,,,,,,,,,17839,2008-06-30
,,,,,,,,,17950,2008-06-30
,,,,,,,,,18050,2008-06-30
,,,,,,,,,18135,2008-06-30
,,,,,,,,,18377,2008-06-30
,,,,,,,,,18827,2008-06-30
,,,,,,,,,18836,2008-06-30
,,,,,,,,,18854,2008-06-30
,,,,,,,,,18957,2008-06-30
,,,,,,,,,19356,2008-06-30
,,,,,,,,,19730,2008-06-30
,,,,,,,,,19936,2008-06-30
,,,,,,,,,19972,2008-06-30
,,,,,,,,,20053,2008-06-30
,,,,,,,,,20147,2008-06-30
,,,,,,,,,20259,2008-06-30
,,,,,,,,,20370,2008-06-30
,,,,,,,,,20512,2008-06-30
,,,,,,,,,20633,2008-06-30
,,,,,,,,,20839,2008-06-30
,,,,,,,,,20857,2008-06-30
,,,,,,,,,20866,2008-06-30
,,,,,,,,,21256,2008-06-30
,,,,,,,,,21359,2008-06-30
,,,,,,,,,21630,2008-06-30
,,,,,,,,,21658,2008-06-30
,,,,,,,,,22048,2008-06-30
,,,,,,,,,22235,2008-06-30
,,,,,,,,,22356,2008-06-30
,,,,,,,,,22459,2008-06-30
,,,,,,,,,22543,2008-06-30
,,,,,,,,,22552,2008-06-30
,,,,,,,,,22730,2008-06-30
,,,,,,,,,22936,2008-06-30
,,,,,,,,,22954,2008-06-30
,,,,,,,,,23036,2008-06-30
,,,,,,,,,23045,2008-06-30
,,,,,,,,,23241,2008-06-30
,,,,,,,,,23456,2008-06-30
,,,,,,,,,23504,2008-06-30
,,,,,,,,,23540,2008-06-30
,,,,,,,,,23643,2008-06-30
,,,,,,,,,23755,2008-06-30
,,,,,,,,,23812,2008-06-30
,,,,,,,,,24006,2008-06-30
,,,,,,,,,24453,2008-06-30
,,,,,,,,,24659,2008-06-30
,,,,,,,,,24668,2008-06-30
,,,,,,,,,24855,2008-06-30
,,,,,,,,,24949,2008-06-30
,,,,,,,,,25357,2008-06-30
,,,,,,,,,25647,2008-06-30
,,,,,,,,,26149,2008-06-30
,,,,,,,,,26242,2008-06-30
,,,,,,,,,26457,2008-06-30
,,,,,,,,,26765,2008-06-30
,,,,,,,,,26859,2008-06-30
,,,,,,,,,26916,2008-06-30
,,,,,,,,,27548,2008-06-30
,,,,,,,,,27614,2008-06-30
,,,,,,,,,27847,2008-06-30
,,,,,,,,,28152,2008-06-30
,,,,,,,,,28255,2008-06-30
,,,,,,,,,28349,2008-06-30
,,,,,,,,,28406,2008-06-30
,,,,,,,,,28572,2008-06-30
,,,,,,,,,28732,2008-06-30
,,,,,,,,,29104,2008-06-30
,,,,,,,,,29252,2008-06-30
,,,,,,,,,29636,2008-06-30
,,,,,,,,,29850,2008-06-30
,,,,,,,,,29944,2008-06-30
,,,,,,,,,29953,2008-06-30
,,,,,,,,,30052,2008-06-30
,,,,,,,,,30155,2008-06-30
,,,,,,,,,30258,2008-06-30
,,,,,,,,,30418,2008-06-30
,,,,,,,,,30502,2008-06-30
,,,,,,,,,30650,2008-06-30
,,,,,,,,,30810,2008-06-30
,,,,,,,,,30856,2008-06-30
,,,,,,,,,31134,2008-06-30
,,,,,,,,,31255,2008-06-30
,,,,,,,,,31657,2008-06-30
,,,,,,,,,31826,2008-06-30
,,,,,,,,,31835,2008-06-30
,,,,,,,,,32234,2008-06-30
,,,,,,,,,32766,2008-06-30
,,,,,,,,,33147,2008-06-30
,,,,,,,,,33259,2008-06-30
,,,,,,,,,33268,2008-06-30
,,,,,,,,,33549,2008-06-30
,,,,,,,,,33727,2008-06-30
,,,,,,,,,33754,2008-06-30
,,,,,,,,,33839,2008-06-30
,,,,,,,,,33857,2008-06-30
,,,,,,,,,34153,2008-06-30
,,,,,,,,,34359,2008-06-30
,,,,,,,,,34425,2008-06-30
,,,,,,,,,34434,2008-06-30
,,,,,,,,,34452,2008-06-30
,,,,,,,,,34537,2008-06-30
,,,,,,,,,34555,2008-06-30
,,,,,,,,,34742,2008-06-30
,,,,,,,,,34836,2008-06-30
,,,,,,,,,34863,2008-06-30
,,,,,,,,,35057,2008-06-30
,,,,,,,,,35244,2008-06-30
,,,,,,,,,35301,2008-06-30
,,,,,,,,,35570,2008-06-30
,,,,,,,,,35646,2008-06-30
,,,,,,,,,35842,2008-06-30
,,,,,,,,,35936,2008-06-30
,,,,,,,,,36054,2008-06-30
,,,,,,,,,36344,2008-06-30
,,,,,,,,,36456,2008-06-30
,,,,,,,,,36858,2008-06-30
,,,,,,,,,36933,2008-06-30
,,,,,,,,,37051,2008-06-30
,,,,,,,,,37341,2008-06-30
,,,,,,,,,37350,2008-06-30
,,,,,,,,,37378,2008-06-30
,,,,,,,,,37435,2008-06-30
,,,,,,,,,37640,2008-06-30
,,,,,,,,,37659,2008-06-30
,,,,,,,,,37743,2008-06-30
,,,,,,,,,37949,2008-06-30
,,,,,,,,,38526,2008-06-30
,,,,,,,,,38535,2008-06-30
,,,,,,,,,38740,2008-06-30
,,,,,,,,,39327,2008-06-30
,,,,,,,,,39420,2008-06-30
,,,,,,,,,39475,2008-06-30
,,,,,,,,,39756,2008-06-30
,,,,,,,,,40033,2008-06-30
,,,,,,,,,40350,2008-06-30
,,,,,,,,,40707,2008-06-30
,,,,,,,,,40855,2008-06-30
,,,,,,,,,41245,2008-06-30
,,,,,,,,,41553,2008-06-30
,,,,,,,,,41629,2008-06-30
,,,,,,,,,41647,2008-06-30
,,,,,,,,,41759,2008-06-30
,,,,,,,,,41825,2008-06-30
,,,,,,,,,41937,2008-06-30
,,,,,,,,,41955,2008-06-30
,,,,,,,,,42037,2008-06-30
,,,,,,,,,42055,2008-06-30
,,,,,,,,,42354,2008-06-30
,,,,,,,,,42420,2008-06-30
,,,,,,,,,42448,2008-06-30
,,,,,,,,,42457,2008-06-30
,,,,,,,,,43052,2008-06-30
,,,,,,,,,43155,2008-06-30
,,,,,,,,,43173,2008-06-30
,,,,,,,,,43351,2008-06-30
,,,,,,,,,43454,2008-06-30
,,,,,,,,,43511,2008-06-30
,,,,,,,,,43744,2008-06-30
,,,,,,,,,43856,2008-06-30
,,,,,,,,,43959,2008-06-30
,,,,,,,,,44040,2008-06-30
,,,,,,,,,44134,2008-06-30
,,,,,,,,,44433,2008-06-30
,,,,,,,,,44602,2008-06-30
,,,,,,,,,44741,2008-06-30
,,,,,,,,,44750,2008-06-30
,,,,,,,,,44929,2008-06-30
,,,,,,,,,45038,2008-06-30
,,,,,,,,,45047,2008-06-30
,,,,,,,,,45056,2008-06-30
,,,,,,,,,45430,2008-06-30
,,,,,,,,,45458,2008-06-30
,,,,,,,,,45551,2008-06-30
,,,,,,,,,45560,2008-06-30
,,,,,,,,,45775,2008-06-30
,,,,,,,,,46053,2008-06-30
,,,,,,,,,46941,2008-06-30
,,,,,,,,,47153,2008-06-30
,,,,,,,,,47247,2008-06-30
,,,,,,,,,47256,2008-06-30
,,,,,,,,,47452,2008-06-30
,,,,,,,,,47500,2008-06-30
,,,,,,,,,48057,2008-06-30
,,,,,,,,,48150,2008-06-30
,,,,,,,,,48374,2008-06-30
,,,,,,,,,48440,2008-06-30
,,,,,,,,,48730,2008-06-30
,,,,,,,,,49054,2008-06-30
,,,,,,,,,49148,2008-06-30
,,,,,,,,,49241,2008-06-30
,,,,,,,,,49344,2008-06-30
,,,,,,,,,49643,2008-06-30
,,,,,,,,,49652,2008-06-30
,,,,,,,,,49821,2008-06-30
,,,,,,,,,49858,2008-06-30
,,,,,,,,,49951,2008-06-30
,,,,,,,,,50144,2008-06-30
,,,,,,,,,50461,2008-06-30
,,,,,,,,,50546,2008-06-30
,,,,,,,,,50854,2008-06-30
,,,,,,,,,50957,2008-06-30
,,,,,,,,,51253,2008-06-30
,,,,,,,,,51356,2008-06-30
,,,,,,,,,51459,2008-06-30
,,,,,,,,,51730,2008-06-30
,,,,,,,,,51842,2008-06-30
,,,,,,,,,52410,2008-06-30
,,,,,,,,,52719,2008-06-30
,,,,,,,,,52951,2008-06-30
,,,,,,,,,53015,2008-06-30
,,,,,,,,,53033,2008-06-30
,,,,,,,,,53051,2008-06-30
,,,,,,,,,53239,2008-06-30
,,,,,,,,,53453,2008-06-30
,,,,,,,,,53752,2008-06-30
,,,,,,,,,54049,2008-06-30
,,,,,,,,,54058,2008-06-30
,,,,,,,,,54357,2008-06-30
,,,,,,,,,54375,2008-06-30
,,,,,,,,,54441,2008-06-30
,,,,,,,,,54656,2008-06-30
,,,,,,,,,55176,2008-06-30
,,,,,,,,,55336,2008-06-30
,,,,,,,,,55635,2008-06-30
,,,,,,,,,55653,2008-06-30
,,,,,,,,,56230,2008-06-30
,,,,,,,,,56258,2008-06-30
,,,,,,,,,56351,2008-06-30
,,,,,,,,,56427,2008-06-30
,,,,,,,,,56548,2008-06-30
,,,,,,,,,56557,2008-06-30
,,,,,,,,,56717,2008-06-30
,,,,,,,,,57040,2008-06-30
,,,,,,,,,57228,2008-06-30
,,,,,,,,,57255,2008-06-30
,,,,,,,,,57451,2008-06-30
,,,,,,,,,57572,2008-06-30
,,,,,,,,,57956,2008-06-30
,,,,,,,,,58074,2008-06-30
,,,,,,,,,58207,2008-06-30
,,,,,,,,,58225,2008-06-30
,,,,,,,,,58243,2008-06-30
,,,,,,,,,58355,2008-06-30
,,,,,,,,,58551,2008-06-30
,,,,,,,,,58636,2008-06-30
,,,,,,,,,58757,2008-06-30
,,,,,,,,,58971,2008-06-30
,,,,,,,,,59316,2008-06-30
,,,,,,,,,59352,2008-06-30
,,,,,,,,,59679,2008-06-30
,,,,,,,,,59754,2008-06-30
,,,,,,,,,60143,2008-06-30
,,,,,,,,,60330,2008-06-30
,,,,,,,,,60433,2008-06-30
,,,,,,,,,60545,2008-06-30
,,,,,,,,,60554,2008-06-30
,,,,,,,,,60648,2008-06-30
,,,,,,,,,61122,2008-06-30
,,,,,,,,,61355,2008-06-30
,,,,,,,,,61476,2008-06-30
,,,,,,,,,61533,2008-06-30
,,,,,,,,,61757,2008-06-30
,,,,,,,,,61832,2008-06-30
,,,,,,,,,61953,2008-06-30
,,,,,,,,,62044,2008-06-30
,,,,,,,,,62147,2008-06-30
,,,,,,,,,63050,2008-06-30
,,,,,,,,,63069,2008-06-30
,,,,,,,,,63078,2008-06-30
,,,,,,,,,63201,2008-06-30
,,,,,,,,,63359,2008-06-30
,,,,,,,,,63573,2008-06-30
,,,,,,,,,63733,2008-06-30
,,,,,,,,,63742,2008-06-30
,,,,,,,,,63751,2008-06-30
,,,,,,,,,64150,2008-06-30
,,,,,,,,,64543,2008-06-30
,,,,,,,,,64552,2008-06-30
,,,,,,,,,64619,2008-06-30
,,,,,,,,,64730,2008-06-30
,,,,,,,,,65205,2008-06-30
,,,,,,,,,65241,2008-06-30
,,,,,,,,,65513,2008-06-30
,,,,,,,,,65559,2008-06-30
,,,,,,,,,65746,2008-06-30
,,,,,,,,,65858,2008-06-30
,,,,,,,,,66015,2008-06-30
,,,,,,,,,66154,2008-06-30
,,,,,,,,,66172,2008-06-30
,,,,,,,,,66275,2008-06-30
,,,,,,,,,66837,2008-06-30
,,,,,,,,,66846,2008-06-30
,,,,,,,,,67142,2008-06-30
,,,,,,,,,67151,2008-06-30
,,,,,,,,,67209,2008-06-30
,,,,,,,,,67254,2008-06-30
,,,,,,,,,67311,2008-06-30
,,,,,,,,,68345,2008-06-30
,,,,,,,,,68448,2008-06-30
,,,,,,,,,68756,2008-06-30
,,,,,,,,,68831,2008-06-30
,,,,,,,,,68840,2008-06-30
,,,,,,,,,68859,2008-06-30
,,,,,,,,,68943,2008-06-30
,,,,,,,,,69333,2008-06-30
,,,,,,,,,69678,2008-06-30
,,,,,,,,,69847,2008-06-30
,,,,,,,,,70049,2008-06-30
,,,,,,,,,70058,2008-06-30
,,,,,,,,,70218,2008-06-30
,,,,,,,,,70254,2008-06-30
,,,,,,,,,70414,2008-06-30
,,,,,,,,,70638,2008-06-30
,,,,,,,,,70955,2008-06-30
,,,,,,,,,71318,2008-06-30
,,,,,,,,,71457,2008-06-30
,,,,,,,,,71859,2008-06-30
,,,,,,,,,72258,2008-06-30
,,,,,,,,,72351,2008-06-30
,,,,,,,,,72454,2008-06-30
,,,,,,,,,72678,2008-06-30
,,,,,,,,,73031,2008-06-30
,,,,,,,,,73116,2008-06-30
,,,,,,,,,73152,2008-06-30
,,,,,,,,,73554,2008-06-30
,,,,,,,,,73956,2008-06-30
,,,,,,,,,74056,2008-06-30
,,,,,,,,,74140,2008-06-30
,,,,,,,,,74159,2008-06-30
,,,,,,,,,74403,2008-06-30
,,,,,,,,,74449,2008-06-30
,,,,,,,,,74458,2008-06-30
,,,,,,,,,75053,2008-06-30
,,,,,,,,,75259,2008-06-30
,,,,,,,,,75446,2008-06-30
,,,,,,,,,75455,2008-06-30
,,,,,,,,,75558,2008-06-30
,,,,,,,,,75633,2008-06-30
,,,,,,,,,75651,2008-06-30
,,,,,,,,,76050,2008-06-30
,,,,,,,,,76135,2008-06-30
,,,,,,,,,76153,2008-06-30
,,,,,,,,,76443,2008-06-30
,,,,,,,,,76854,2008-06-30
,,,,,,,,,77150,2008-06-30
,,,,,,,,,77253,2008-06-30
,,,,,,,,,77347,2008-06-30
,,,,,,,,,77422,2008-06-30
,,,,,,,,,77758,2008-06-30
,,,,,,,,,77851,2008-06-30
,,,,,,,,,78036,2008-06-30
,,,,,,,,,78157,2008-06-30
,,,,,,,,,78241,2008-06-30
,,,,,,,,,78559,2008-06-30
,,,,,,,,,78643,2008-06-30
,,,,,,,,,78858,2008-06-30
,,,,,,,,,79042,2008-06-30
,,,,,,,,,79127,2008-06-30
,,,,,,,,,79145,2008-06-30
,,,,,,,,,79257,2008-06-30
,,,,,,,,,79855,2008-06-30
,,,,,,,,,80020,2008-06-30
,,,,,,,,,80150,2008-06-30
,,,,,,,,,80431,2008-06-30
,,,,,,,,,80552,2008-06-30
,,,,,,,,,80936,2008-06-30
,,,,,,,,,81429,2008-06-30
,,,,,,,,,82033,2008-06-30
,,,,,,,,,82257,2008-06-30
,,,,,,,,,82350,2008-06-30
,,,,,,,,,82659,2008-06-30
,,,,,,,,,83151,2008-06-30
,,,,,,,,,83236,2008-06-30
,,,,,,,,,83311,2008-06-30
,,,,,,,,,83357,2008-06-30
,,,,,,,,,83375,2008-06-30
,,,,,,,,,83638,2008-06-30
,,,,,,,,,83834,2008-06-30
,,,,,,,,,83852,2008-06-30
,,,,,,,,,83955,2008-06-30
,,,,,,,,,84046,2008-06-30
,,,,,,,,,84055,2008-06-30
,,,,,,,,,84251,2008-06-30
,,,,,,,,,84345,2008-06-30
,,,,,,,,,84541,2008-06-30
,,,,,,,,,84804,2008-06-30
,,,,,,,,,85043,2008-06-30
,,,,,,,,,85052,2008-06-30
,,,,,,,,,85258,2008-06-30
,,,,,,,,,85454,2008-06-30
,,,,,,,,,85856,2008-06-30
,,,,,,,,,85931,2008-06-30
,,,,,,,,,86349,2008-06-30
,,,,,,,,,86358,2008-06-30
,,,,,,,,,86527,2008-06-30
,,,,,,,,,86554,2008-06-30
,,,,,,,,,87047,2008-06-30
,,,,,,,,,87159,2008-06-30
,,,,,,,,,87234,2008-06-30
,,,,,,,,,87476,2008-06-30
,,,,,,,,,87533,2008-06-30
,,,,,,,,,88240,2008-06-30
,,,,,,,,,88259,2008-06-30
,,,,,,,,,88352,2008-06-30
,,,,,,,,,88455,2008-06-30
,,,,,,,,,88530,2008-06-30
,,,,,,,,,88950,2008-06-30
,,,,,,,,,89032,2008-06-30
,,,,,,,,,89135,2008-06-30
,,,,,,,,,89162,2008-06-30
,,,,,,,,,89452,2008-06-30
,,,,,,,,,89751,2008-06-30
,,,,,,,,,89854,2008-06-30
,,,,,,,,,89957,2008-06-30
,,,,,,,,,90047,2008-06-30
,,,,,,,,,90328,2008-06-30
,,,,,,,,,90337,2008-06-30
,,,,,,,,,90467,2008-06-30
,,,,,,,,,90645,2008-06-30
,,,,,,,,,90739,2008-06-30
,,,,,,,,,91147,2008-06-30
,,,,,,,,,91156,2008-06-30
,,,,,,,,,91259,2008-06-30
,,,,,,,,,91615,2008-06-30
,,,,,,,,,91651,2008-06-30
,,,,,,,,,91754,2008-06-30
,,,,,,,,,91950,2008-06-30
,,,,,,,,,91969,2008-06-30
,,,,,,,,,92050,2008-06-30
,,,,,,,,,92144,2008-06-30
,,,,,,,,,92630,2008-06-30
,,,,,,,,,92706,2008-06-30
,,,,,,,,,92854,2008-06-30
,,,,,,,,,92902,2008-06-30
,,,,,,,,,93244,2008-06-30
,,,,,,,,,93413,2008-06-30
,,,,,,,,,93543,2008-06-30
,,,,,,,,,93619,2008-06-30
,,,,,,,,,93721,2008-06-30
,,,,,,,,,93758,2008-06-30
,,,,,,,,,94139,2008-06-30
,,,,,,,,,94456,2008-06-30
,,,,,,,,,94522,2008-06-30
,,,,,,,,,94755,2008-06-30
,,,,,,,,,94858,2008-06-30
,,,,,,,,,95051,2008-06-30
,,,,,,,,,95659,2008-06-30
,,,,,,,,,96553,2008-06-30
,,,,,,,,,97055,2008-06-30
,,,,,,,,,97279,2008-06-30
,,,,,,,,,97457,2008-06-30
,,,,,,,,,97804,2008-06-30
,,,,,,,,,97943,2008-06-30
,,,,,,,,,98351,2008-06-30
,,,,,,,,,98454,2008-06-30
,,,,,,,,,98463,2008-06-30
,,,,,,,,,98548,2008-06-30
,,,,,,,,,98641,2008-06-30
,,,,,,,,,98717,2008-06-30
,,,,,,,,,99004,2008-06-30
,,,,,,,,,99059,2008-06-30
,,,,,,,,,99143,2008-06-30
,,,,,,,,,99255,2008-06-30
,,,,,,,,,99442,2008-06-30
,,,,,,,,,99536,2008-06-30
,,,,,,,,,99853,2008-06-30
,,,,,,,,,99974,2008-06-30
,,,,,,,,,100236,2008-06-30
,,,,,,,,,100357,2008-06-30
,,,,,,,,,100553,2008-06-30
,,,,,,,,,100562,2008-06-30
,,,,,,,,,100843,2008-06-30
,,,,,,,,,101019,2008-06-30
,,,,,,,,,101037,2008-06-30
,,,,,,,,,101233,2008-06-30
,,,,,,,,,101345,2008-06-30
,,,,,,,,,101439,2008-06-30
,,,,,,,,,101671,2008-06-30
,,,,,,,,,101738,2008-06-30
,,,,,,,,,101952,2008-06-30
,,,,,,,,,102155,2008-06-30
,,,,,,,,,102333,2008-06-30
,,,,,,,,,102342,2008-06-30
,,,,,,,,,102539,2008-06-30
,,,,,,,,,102557,2008-06-30
,,,,,,,,,103134,2008-06-30
,,,,,,,,,103255,2008-06-30
,,,,,,,,,103536,2008-06-30
,,,,,,,,,103554,2008-06-30
,,,,,,,,,103563,2008-06-30
,,,,,,,,,103602,2008-06-30
,,,,,,,,,104038,2008-06-30
,,,,,,,,,104056,2008-06-30
,,,,,,,,,104234,2008-06-30
,,,,,,,,,104430,2008-06-30
,,,,,,,,,104542,2008-06-30
,,,,,,,,,104663,2008-06-30
,,,,,,,,,105026,2008-06-30
,,,,,,,,,105044,2008-06-30
,,,,,,,,,105053,2008-06-30
,,,,,,,,,105071,2008-06-30
,,,,,,,,,105222,2008-06-30
,,,,,,,,,105530,2008-06-30
,,,,,,,,,105633,2008-06-30
,,,,,,,,,106359,2008-06-30
,,,,,,,,,106377,2008-06-30
,,,,,,,,,106452,2008-06-30
,,,,,,,,,106519,2008-06-30
,,,,,,,,,106546,2008-06-30
,,,,,,,,,106555,2008-06-30
,,,,,,,,,106658,2008-06-30
,,,,,,,,,107057,2008-06-30
,,,,,,,,,107150,2008-06-30
,,,,,,,,,107226,2008-06-30
,,,,,,,,,107244,2008-06-30
,,,,,,,,,107431,2008-06-30
,,,,,,,,,107459,2008-06-30
,,,,,,,,,107758,2008-06-30
,,,,,,,,,108269,2008-06-30
,,,,,,,,,108652,2008-06-30
,,,,,,,,,108746,2008-06-30
,,,,,,,,,108951,2008-06-30
,,,,,,,,,109136,2008-06-30
,,,,,,,,,109154,2008-06-30
,,,,,,,,,109453,2008-06-30
,,,,,,,,,109574,2008-06-30
,,,,,,,,,109659,2008-06-30
,,,,,,,,,109855,2008-06-30
,,,,,,,,,110413,2008-06-30
,,,,,,,,,110655,2008-06-30
,,,,,,,,,110936,2008-06-30
,,,,,,,,,110945,2008-06-30
,,,,,,,,,111157,2008-06-30
,,,,,,,,,111205,2008-06-30
,,,,,,,,,111559,2008-06-30
,,,,,,,,,111661,2008-06-30
,,,,,,,,,111942,2008-06-30
,,,,,,,,,111979,2008-06-30
,,,,,,,,,112163,2008-06-30
,,,,,,,,,112332,2008-06-30
,,,,,,,,,112444,2008-06-30
,,,,,,,,,112510,2008-06-30
,,,,,,,,,112556,2008-06-30
,,,,,,,,,112837,2008-06-30
,,,,,,,,,113003,2008-06-30
,,,,,,,,,113030,2008-06-30
,,,,,,,,,113441,2008-06-30
,,,,,,,,,113601,2008-06-30
,,,,,,,,,113740,2008-06-30
,,,,,,,,,113937,2008-06-30
,,,,,,,,,114149,2008-06-30
,,,,,,,,,114158,2008-06-30
,,,,,,,,,114251,2008-06-30
,,,,,,,,,114260,2008-06-30
,,,,,,,,,114457,2008-06-30
,,,,,,,,,114756,2008-06-30
,,,,,,,,,114774,2008-06-30
,,,,,,,,,114840,2008-06-30
,,,,,,,,,114859,2008-06-30
,,,,,,,,,115100,2008-06-30
,,,,,,,,,115146,2008-06-30
,,,,,,,,,115155,2008-06-30
,,,,,,,,,115221,2008-06-30
,,,,,,,,,115575,2008-06-30
,,,,,,,,,115641,2008-06-30
,,,,,,,,,116077,2008-06-30
,,,,,,,,,116358,2008-06-30
,,,,,,,,,116554,2008-06-30
,,,,,,,,,116639,2008-06-30
,,,,,,,,,116732,2008-06-30
,,,,,,,,,116741,2008-06-30
,,,,,,,,,117038,2008-06-30
,,,,,,,,,117458,2008-06-30
,,,,,,,,,117672,2008-06-30
,,,,,,,,,117841,2008-06-30
,,,,,,,,,118156,2008-06-30
,,,,,,,,,118174,2008-06-30
,,,,,,,,,118660,2008-06-30
,,,,,,,,,118736,2008-06-30
,,,,,,,,,119153,2008-06-30
,,,,,,,,,119274,2008-06-30
,,,,,,,,,119528,2008-06-30
,,,,,,,,,119779,2008-06-30
,,,,,,,,,120542,2008-06-30
,,,,,,,,,120609,2008-06-30
,,,,,,,,,120953,2008-06-30
,,,,,,,,,121576,2008-06-30
,,,,,,,,,121642,2008-06-30
,,,,,,,,,121651,2008-06-30
,,,,,,,,,121914,2008-06-30
,,,,,,,,,122153,2008-06-30
,,,,,,,,,122546,2008-06-30
,,,,,,,,,122658,2008-06-30
,,,,,,,,,122751,2008-06-30
,,,,,,,,,122854,2008-06-30
,,,,,,,,,123178,2008-06-30
,,,,,,,,,123440,2008-06-30
,,,,,,,,,123646,2008-06-30
,,,,,,,,,124344,2008-06-30
,,,,,,,,,124353,2008-06-30
,,,,,,,,,124773,2008-06-30
,,,,,,,,,124830,2008-06-30
,,,,,,,,,125154,2008-06-30
,,,,,,,,,125855,2008-06-30
,,,,,,,,,125958,2008-06-30
,,,,,,,,,126012,2008-06-30
,,,,,,,,,126049,2008-06-30
,,,,,,,,,126254,2008-06-30
,,,,,,,,,126553,2008-06-30
,,,,,,,,,126740,2008-06-30
,,,,,,,,,126834,2008-06-30
,,,,,,,,,127055,2008-06-30
,,,,,,,,,127224,2008-06-30
,,,,,,,,,127260,2008-06-30
,,,,,,,,,127701,2008-06-30
,,,,,,,,,128164,2008-06-30
,,,,,,,,,128258,2008-06-30
,,,,,,,,,128511,2008-06-30
,,,,,,,,,128904,2008-06-30
,,,,,,,,,128959,2008-06-30
,,,,,,,,,129349,2008-06-30
,,,,,,,,,129358,2008-06-30
,,,,,,,,,129394,2008-06-30
,,,,,,,,,129479,2008-06-30
,,,,,,,,,129732,2008-06-30
,,,,,,,,,129853,2008-06-30
,,,,,,,,,129910,2008-06-30
,,,,,,,,,130345,2008-06-30
,,,,,,,,,130541,2008-06-30
,,,,,,,,,130635,2008-06-30
,,,,,,,,,130813,2008-06-30
,,,,,,,,,130943,2008-06-30
,,,,,,,,,131034,2008-06-30
,,,,,,,,,131155,2008-06-30
,,,,,,,,,131173,2008-06-30
,,,,,,,,,131418,2008-06-30
,,,,,,,,,131436,2008-06-30
,,,,,,,,,131650,2008-06-30
,,,,,,,,,131717,2008-06-30
,,,,,,,,,131940,2008-06-30
,,,,,,,,,132107,2008-06-30
,,,,,,,,,132152,2008-06-30
,,,,,,,,,132219,2008-06-30
,,,,,,,,,132451,2008-06-30
,,,,,,,,,132554,2008-06-30
,,,,,,,,,132778,2008-06-30
,,,,,,,,,132853,2008-06-30
,,,,,,,,,132938,2008-06-30
,,,,,,,,,133243,2008-06-30
,,,,,,,,,133850,2008-06-30
,,,,,,,,,133971,2008-06-30
,,,,,,,,,134156,2008-06-30
,,,,,,,,,134437,2008-06-30
,,,,,,,,,134455,2008-06-30
,,,,,,,,,134848,2008-06-30
,,,,,,,,,135751,2008-06-30
,,,,,,,,,135836,2008-06-30
,,,,,,,,,135854,2008-06-30
,,,,,,,,,136048,2008-06-30
,,,,,,,,,136338,2008-06-30
,,,,,,,,,136459,2008-06-30
,,,,,,,,,136655,2008-06-30
,,,,,,,,,137205,2008-06-30
,,,,,,,,,137447,2008-06-30
,,,,,,,,,137456,2008-06-30
,,,,,,,,,137559,2008-06-30
,,,,,,,,,137643,2008-06-30
,,,,,,,,,137652,2008-06-30
,,,,,,,,,137821,2008-06-30
,,,,,,,,,137915,2008-06-30
,,,,,,,,,138051,2008-06-30
,,,,,,,,,138257,2008-06-30
,,,,,,,,,138350,2008-06-30
,,,,,,,,,138556,2008-06-30
,,,,,,,,,138725,2008-06-30
,,,,,,,,,138752,2008-06-30
,,,,,,,,,139133,2008-06-30
,,,,,,,,,139432,2008-06-30
,,,,,,,,,139478,2008-06-30
,,,,,,,,,139553,2008-06-30
,,,,,,,,,139656,2008-06-30
,,,,,,,,,139740,2008-06-30
,,,,,,,,,139834,2008-06-30
,,,,,,,,,139843,2008-06-30
,,,,,,,,,139955,2008-06-30
,,,,,,,,,140018,2008-06-30
,,,,,,,,,140157,2008-06-30
,,,,,,,,,140362,2008-06-30
,,,,,,,,,140634,2008-06-30
,,,,,,,,,141211,2008-06-30
,,,,,,,,,141341,2008-06-30
,,,,,,,,,141350,2008-06-30
,,,,,,,,,141453,2008-06-30
,,,,,,,,,141556,2008-06-30
,,,,,,,,,141734,2008-06-30
,,,,,,,,,141958,2008-06-30
,,,,,,,,,142049,2008-06-30
,,,,,,,,,142571,2008-06-30
,,,,,,,,,142656,2008-06-30
,,,,,,,,,142955,2008-06-30
,,,,,,,,,143158,2008-06-30
,,,,,,,,,143653,2008-06-30
,,,,,,,,,143662,2008-06-30
,,,,,,,,,143859,2008-06-30
,,,,,,,,,143952,2008-06-30
,,,,,,,,,144034,2008-06-30
,,,,,,,,,144052,2008-06-30
,,,,,,,,,144155,2008-06-30
,,,,,,,,,144436,2008-06-30
,,,,,,,,,144856,2008-06-30
,,,,,,,,,144913,2008-06-30
,,,,,,,,,145059,2008-06-30
,,,,,,,,,145545,2008-06-30
,,,,,,,,,145554,2008-06-30
,,,,,,,,,145741,2008-06-30
,,,,,,,,,145750,2008-06-30
,,,,,,,,,145844,2008-06-30
,,,,,,,,,145956,2008-06-30
,,,,,,,,,146056,2008-06-30
,,,,,,,,,146533,2008-06-30
,,,,,,,,,146618,2008-06-30
,,,,,,,,,146654,2008-06-30
,,,,,,,,,146663,2008-06-30
,,,,,,,,,146850,2008-06-30
,,,,,,,,,147053,2008-06-30
,,,,,,,,,147174,2008-06-30
,,,,,,,,,147633,2008-06-30
,,,,,,,,,147651,2008-06-30
,,,,,,,,,147679,2008-06-30
,,,,,,,,,147839,2008-06-30
,,,,,,,,,147857,2008-06-30
,,,,,,,,,147923,2008-06-30
,,,,,,,,,148144,2008-06-30
,,,,,,,,,148238,2008-06-30
,,,,,,,,,148340,2008-06-30
,,,,,,,,,148715,2008-06-30
,,,,,,,,,148809,2008-06-30
,,,,,,,,,148920,2008-06-30
,,,,,,,,,149150,2008-06-30
,,,,,,,,,149235,2008-06-30
,,,,,,,,,149253,2008-06-30
,,,,,,,,,149271,2008-06-30
,,,,,,,,,149945,2008-06-30
,,,,,,,,,150035,2008-06-30
,,,,,,,,,150044,2008-06-30
,,,,,,,,,150071,2008-06-30
,,,,,,,,,150156,2008-06-30
,,,,,,,,,150334,2008-06-30
,,,,,,,,,150352,2008-06-30
,,,,,,,,,150727,2008-06-30
,,,,,,,,,150754,2008-06-30
,,,,,,,,,151331,2008-06-30
,,,,,,,,,151546,2008-06-30
,,,,,,,,,151555,2008-06-30
,,,,,,,,,151751,2008-06-30
,,,,,,,,,151818,2008-06-30
,,,,,,,,,151957,2008-06-30
,,,,,,,,,152048,2008-06-30
,,,,,,,,,152057,2008-06-30
,,,,,,,,,152235,2008-06-30
,,,,,,,,,152253,2008-06-30
,,,,,,,,,152431,2008-06-30
,,,,,,,,,152440,2008-06-30
,,,,,,,,,152673,2008-06-30
,,,,,,,,,152851,2008-06-30
,,,,,,,,,153054,2008-06-30
,,,,,,,,,153353,2008-06-30
,,,,,,,,,154154,2008-06-30
,,,,,,,,,154257,2008-06-30
,,,,,,,,,154770,2008-06-30
,,,,,,,,,155245,2008-06-30
,,,,,,,,,155517,2008-06-30
,,,,,,,,,155759,2008-06-30
,,,,,,,,,156457,2008-06-30
,,,,,,,,,156635,2008-06-30
,,,,,,,,,156877,2008-06-30
,,,,,,,,,156952,2008-06-30
,,,,,,,,,157155,2008-06-30
,,,,,,,,,157379,2008-06-30
,,,,,,,,,157650,2008-06-30
,,,,,,,,,157744,2008-06-30
,,,,,,,,,157838,2008-06-30
,,,,,,,,,157856,2008-06-30
,,,,,,,,,157904,2008-06-30
,,,,,,,,,158554,2008-06-30
,,,,,,,,,158741,2008-06-30
,,,,,,,,,158750,2008-06-30
,,,,,,,,,158947,2008-06-30
,,,,,,,,,158974,2008-06-30
,,,,,,,,,159243,2008-06-30
,,,,,,,,,159636,2008-06-30
,,,,,,,,,159645,2008-06-30
,,,,,,,,,159953,2008-06-30
,,,,,,,,,160360,2008-06-30
,,,,,,,,,160454,2008-06-30
,,,,,,,,,160557,2008-06-30
,,,,,,,,,160614,2008-06-30
,,,,,,,,,160650,2008-06-30
,,,,,,,,,160959,2008-06-30
,,,,,,,,,161031,2008-06-30
,,,,,,,,,161107,2008-06-30
,,,,,,,,,161273,2008-06-30
,,,,,,,,,161433,2008-06-30
,,,,,,,,,161602,2008-06-30
,,,,,,,,,162337,2008-06-30
,,,,,,,,,163343,2008-06-30
,,,,,,,,,163370,2008-06-30
,,,,,,,,,163549,2008-06-30
,,,,,,,,,163857,2008-06-30
,,,,,,,,,164032,2008-06-30
,,,,,,,,,164153,2008-06-30
,,,,,,,,,164331,2008-06-30
,,,,,,,,,164377,2008-06-30
,,,,,,,,,164854,2008-06-30
,,,,,,,,,164957,2008-06-30
,,,,,,,,,164975,2008-06-30
,,,,,,,,,165039,2008-06-30
,,,,,,,,,165628,2008-06-30
,,,,,,,,,165758,2008-06-30
,,,,,,,,,165806,2008-06-30
,,,,,,,,,166111,2008-06-30
,,,,,,,,,166531,2008-06-30
,,,,,,,,,166652,2008-06-30
,,,,,,,,,166803,2008-06-30
,,,,,,,,,166849,2008-06-30
,,,,,,,,,167060,2008-06-30
,,,,,,,,,167453,2008-06-30
,,,,,,,,,167556,2008-06-30
,,,,,,,,,167565,2008-06-30
,,,,,,,,,167752,2008-06-30
,,,,,,,,,167855,2008-06-30
,,,,,,,,,167864,2008-06-30
,,,,,,,,,168366,2008-06-30
,,,,,,,,,168441,2008-06-30
,,,,,,,,,168571,2008-06-30
,,,,,,,,,168731,2008-06-30
,,,,,,,,,169073,2008-06-30
,,,,,,,,,169233,2008-06-30
,,,,,,,,,169327,2008-06-30
,,,,,,,,,169354,2008-06-30
,,,,,,,,,169653,2008-06-30
,,,,,,,,,169756,2008-06-30
,,,,,,,,,169952,2008-06-30
,,,,,,,,,170051,2008-06-30
,,,,,,,,,170257,2008-06-30
,,,,,,,,,170332,2008-06-30
,,,,,,,,,170640,2008-06-30
,,,,,,,,,170716,2008-06-30
,,,,,,,,,170976,2008-06-30
,,,,,,,,,171133,2008-06-30
,,,,,,,,,171656,2008-06-30
,,,,,,,,,171759,2008-06-30
,,,,,,,,,171768,2008-06-30
,,,,,,,,,172158,2008-06-30
,,,,,,,,,172251,2008-06-30
,,,,,,,,,172457,2008-06-30
,,,,,,,,,172747,2008-06-30
,,,,,,,,,172859,2008-06-30
,,,,,,,,,173306,2008-06-30
,,,,,,,,,173342,2008-06-30
,,,,,,,,,173548,2008-06-30
,,,,,,,,,173557,2008-06-30
,,,,,,,,,173575,2008-06-30
,,,,,,,,,173641,2008-06-30
,,,,,,,,,173959,2008-06-30
,,,,,,,,,174321,2008-06-30
,,,,,,,,,174367,2008-06-30
,,,,,,,,,175056,2008-06-30
,,,,,,,,,175140,2008-06-30
,,,,,,,,,175458,2008-06-30
,,,,,,,,,175609,2008-06-30
,,,,,,,,,175672,2008-06-30
,,,,,,,,,176053,2008-06-30
,,,,,,,,,176101,2008-06-30
,,,,,,,,,176325,2008-06-30
,,,,,,,,,176437,2008-06-30
,,,,,,,,,176464,2008-06-30
,,,,,,,,,176642,2008-06-30
,,,,,,,,,177135,2008-06-30
,,,,,,,,,177443,2008-06-30
,,,,,,,,,177500,2008-06-30
,,,,,,,,,177546,2008-06-30
,,,,,,,,,177555,2008-06-30
,,,,,,,,,177751,2008-06-30
,,,,,,,,,177920,2008-06-30
,,,,,,,,,177957,2008-06-30
,,,,,,,,,178057,2008-06-30
,,,,,,,,,178150,2008-06-30
,,,,,,,,,178244,2008-06-30
,,,,,,,,,178271,2008-06-30
,,,,,,,,,178356,2008-06-30
,,,,,,,,,178851,2008-06-30
,,,,,,,,,179148,2008-06-30
,,,,,,,,,179335,2008-06-30
,,,,,,,,,179700,2008-06-30
,,,,,,,,,179755,2008-06-30
,,,,,,,,,180041,2008-06-30
,,,,,,,,,180078,2008-06-30
,,,,,,,,,180144,2008-06-30
,,,,,,,,,180201,2008-06-30
,,,,,,,,,180416,2008-06-30
,,,,,,,,,180443,2008-06-30
,,,,,,,,,180537,2008-06-30
,,,,,,,,,180649,2008-06-30
,,,,,,,,,180845,2008-06-30
,,,,,,,,,181347,2008-06-30
,,,,,,,,,181459,2008-06-30
,,,,,,,,,181758,2008-06-30
,,,,,,,,,181851,2008-06-30
,,,,,,,,,181963,2008-06-30
,,,,,,,,,182157,2008-06-30
,,,,,,,,,182353,2008-06-30
,,,,,,,,,182401,2008-06-30
,,,,,,,,,182652,2008-06-30
,,,,,,,,,182951,2008-06-30
,,,,,,,,,183042,2008-06-30
,,,,,,,,,183051,2008-06-30
,,,,,,,,,183154,2008-06-30
,,,,,,,,,183668,2008-06-30
,,,,,,,,,183770,2008-06-30
,,,,,,,,,183846,2008-06-30
,,,,,,,,,183958,2008-06-30
,,,,,,,,,184142,2008-06-30
,,,,,,,,,184245,2008-06-30
,,,,,,,,,184656,2008-06-30
,,,,,,,,,184759,2008-06-30
,,,,,,,,,184937,2008-06-30
,,,,,,,,,185037,2008-06-30
,,,,,,,,,185251,2008-06-30
,,,,,,,,,185448,2008-06-30
,,,,,,,,,185457,2008-06-30
,,,,,,,,,185859,2008-06-30
,,,,,,,,,186221,2008-06-30
,,,,,,,,,186548,2008-06-30
,,,,,,,,,186557,2008-06-30
,,,,,,,,,186650,2008-06-30
,,,,,,,,,186717,2008-06-30
,,,,,,,,,186744,2008-06-30
,,,,,,,,,186838,2008-06-30
,,,,,,,,,186856,2008-06-30
,,,,,,,,,187358,2008-06-30
,,,,,,,,,187451,2008-06-30
,,,,,,,,,187648,2008-06-30
,,,,,,,,,187947,2008-06-30
,,,,,,,,,188056,2008-06-30
,,,,,,,,,188430,2008-06-30
,,,,,,,,,188449,2008-06-30
,,,,,,,,,188720,2008-06-30
,,,,,,,,,188739,2008-06-30
,,,,,,,,,188757,2008-06-30
,,,,,,,,,188917,2008-06-30
,,,,,,,,,188926,2008-06-30
,,,,,,,,,189044,2008-06-30
,,,,,,,,,189129,2008-06-30
,,,,,,,,,189352,2008-06-30
,,,,,,,,,189419,2008-06-30
,,,,,,,,,189549,2008-06-30
,,,,,,,,,189745,2008-06-30
,,,,,,,,,189820,2008-06-30
,,,,,,,,,189950,2008-06-30
,,,,,,,,,190246,2008-06-30
,,,,,,,,,190451,2008-06-30
,,,,,,,,,190554,2008-06-30
,,,,,,,,,190563,2008-06-30
,,,,,,,,,190639,2008-06-30
,,,,,,,,,190648,2008-06-30
,,,,,,,,,190947,2008-06-30
,,,,,,,,,190956,2008-06-30
,,,,,,,,,191355,2008-06-30
,,,,,,,,,191449,2008-06-30
,,,,,,,,,191663,2008-06-30
,,,,,,,,,191935,2008-06-30
,,,,,,,,,192147,2008-06-30
,,,,,,,,,192156,2008-06-30
,,,,,,,,,192558,2008-06-30
,,,,,,,,,192651,2008-06-30
,,,,,,,,,192857,2008-06-30
,,,,,,,,,193162,2008-06-30
,,,,,,,,,193247,2008-06-30
,,,,,,,,,193461,2008-06-30
,,,,,,,,,193537,2008-06-30
,,,,,,,,,193649,2008-06-30
,,,,,,,,,193809,2008-06-30
,,,,,,,,,194253,2008-06-30
,,,,,,,,,194440,2008-06-30
,,,,,,,,,194936,2008-06-30
,,,,,,,,,195072,2008-06-30
,,,,,,,,,195111,2008-06-30
,,,,,,,,,195157,2008-06-30
,,,,,,,,,195456,2008-06-30
,,,,,,,,,196257,2008-06-30
,,,,,,,,,196743,2008-06-30
,,,,,,,,,196752,2008-06-30
,,,,,,,,,196800,2008-06-30
,,,,,,,,,197142,2008-06-30
,,,,,,,,,197254,2008-06-30
,,,,,,,,,197302,2008-06-30
,,,,,,,,,197357,2008-06-30
,,,,,,,,,197478,2008-06-30
,,,,,,,,,197759,2008-06-30
,,,,,,,,,198046,2008-06-30
,,,,,,,,,198103,2008-06-30
,,,,,,,,,198149,2008-06-30
,,,,,,,,,198251,2008-06-30
,,,,,,,,,198831,2008-06-30
,,,,,,,,,198859,2008-06-30
,,,,,,,,,198961,2008-06-30
,,,,,,,,,199052,2008-06-30
,,,,,,,,,199137,2008-06-30
,,,,,,,,,199351,2008-06-30
,,,,,,,,,199436,2008-06-30
,,,,,,,,,199454,2008-06-30
,,,,,,,,,199463,2008-06-30
,,,,,,,,,199940,2008-06-30
,,,,,,,,,200042,2008-06-30
,,,,,,,,,200435,2008-06-30
,,,,,,,,,200640,2008-06-30
,,,,,,,,,201049,2008-06-30
,,,,,,,,,201124,2008-06-30
,,,,,,,,,201254,2008-06-30
,,,,,,,,,201441,2008-06-30
,,,,,,,,,201638,2008-06-30
,,,,,,,,,201647,2008-06-30
,,,,,,,,,201834,2008-06-30
,,,,,,,,,202251,2008-06-30
,,,,,,,,,202514,2008-06-30
,,,,,,,,,202541,2008-06-30
,,,,,,,,,202550,2008-06-30
,,,,,,,,,202907,2008-06-30
,,,,,,,,,203052,2008-06-30
,,,,,,,,,203418,2008-06-30
,,,,,,,,,203575,2008-06-30
,,,,,,,,,204004,2008-06-30
,,,,,,,,,204237,2008-06-30
,,,,,,,,,204826,2008-06-30
,,,,,,,,,205159,2008-06-30
,,,,,,,,,205243,2008-06-30
,,,,,,,,,205346,2008-06-30
,,,,,,,,,205458,2008-06-30
,,,,,,,,,205542,2008-06-30
,,,,,,,,,205654,2008-06-30
,,,,,,,,,206156,2008-06-30
,,,,,,,,,206174,2008-06-30
,,,,,,,,,206772,2008-06-30
,,,,,,,,,206950,2008-06-30
,,,,,,,,,207041,2008-06-30
,,,,,,,,,207050,2008-06-30
,,,,,,,,,207452,2008-06-30
,,,,,,,,,207555,2008-06-30
,,,,,,,,,207564,2008-06-30
,,,,,,,,,207845,2008-06-30
,,,,,,,,,207872,2008-06-30
,,,,,,,,,207957,2008-06-30
,,,,,,,,,208057,2008-06-30
,,,,,,,,,208169,2008-06-30
,,,,,,,,,208244,2008-06-30
,,,,,,,,,208347,2008-06-30
,,,,,,,,,208440,2008-06-30
,,,,,,,,,208459,2008-06-30
,,,,,,,,,208655,2008-06-30
,,,,,,,,,208972,2008-06-30
,,,,,,,,,209148,2008-06-30
,,,,,,,,,209335,2008-06-30
,,,,,,,,,209362,2008-06-30
,,,,,,,,,209447,2008-06-30
,,,,,,,,,209559,2008-06-30
,,,,,,,,,209830,2008-06-30
,,,,,,,,,209858,2008-06-30
,,,,,,,,,210238,2008-06-30
,,,,,,,,,210256,2008-06-30
,,,,,,,,,210434,2008-06-30
,,,,,,,,,210452,2008-06-30
,,,,,,,,,210555,2008-06-30
,,,,,,,,,211114,2008-06-30
,,,,,,,,,211338,2008-06-30
,,,,,,,,,211851,2008-06-30
,,,,,,,,,211954,2008-06-30
,,,,,,,,,212018,2008-06-30
,,,,,,,,,212335,2008-06-30
,,,,,,,,,212344,2008-06-30
,,,,,,,,,212465,2008-06-30
,,,,,,,,,212522,2008-06-30
,,,,,,,,,213538,2008-06-30
,,,,,,,,,213912,2008-06-30
,,,,,,,,,213958,2008-06-30
,,,,,,,,,214414,2008-06-30
,,,,,,,,,214722,2008-06-30
,,,,,,,,,214807,2008-06-30
,,,,,,,,,214843,2008-06-30
,,,,,,,,,215130,2008-06-30
,,,,,,,,,215251,2008-06-30
,,,,,,,,,215345,2008-06-30
,,,,,,,,,215354,2008-06-30
,,,,,,,,,215653,2008-06-30
,,,,,,,,,215662,2008-06-30
,,,,,,,,,215710,2008-06-30
,,,,,,,,,215756,2008-06-30
,,,,,,,,,216164,2008-06-30
,,,,,,,,,216230,2008-06-30
,,,,,,,,,216445,2008-06-30
,,,,,,,,,216632,2008-06-30
,,,,,,,,,216922,2008-06-30
,,,,,,,,,217059,2008-06-30
,,,,,,,,,217620,2008-06-30
,,,,,,,,,218131,2008-06-30
,,,,,,,,,218261,2008-06-30
,,,,,,,,,218757,2008-06-30
,,,,,,,,,218775,2008-06-30
,,,,,,,,,218850,2008-06-30
,,,,,,,,,218878,2008-06-30
,,,,,,,,,219044,2008-06-30
,,,,,,,,,219138,2008-06-30
,,,,,,,,,219259,2008-06-30
,,,,,,,,,219343,2008-06-30
,,,,,,,,,219651,2008-06-30
,,,,,,,,,219857,2008-06-30
,,,,,,,,,220059,2008-06-30
,,,,,,,,,220527,2008-06-30
,,,,,,,,,220545,2008-06-30
,,,,,,,,,220844,2008-06-30
,,,,,,,,,221476,2008-06-30
,,,,,,,,,222053,2008-06-30
,,,,,,,,,222147,2008-06-30
,,,,,,,,,222156,2008-06-30
,,,,,,,,,222446,2008-06-30
,,,,,,,,,222558,2008-06-30
,,,,,,,,,222754,2008-06-30
,,,,,,,,,223238,2008-06-30
,,,,,,,,,223322,2008-06-30
,,,,,,,,,223331,2008-06-30
,,,,,,,,,223452,2008-06-30
,,,,,,,,,223751,2008-06-30
,,,,,,,,,223845,2008-06-30
,,,,,,,,,224178,2008-06-30
,,,,,,,,,224552,2008-06-30
,,,,,,,,,224637,2008-06-30
,,,,,,,,,224655,2008-06-30
,,,,,,,,,224954,2008-06-30
,,,,,,,,,225054,2008-06-30
,,,,,,,,,225157,2008-06-30
,,,,,,,,,225241,2008-06-30
,,,,,,,,,225250,2008-06-30
,,,,,,,,,225335,2008-06-30
,,,,,,,,,225559,2008-06-30
,,,,,,,,,225942,2008-06-30
,,,,,,,,,226659,2008-06-30
,,,,,,,,,226734,2008-06-30
,,,,,,,,,226752,2008-06-30
,,,,,,,,,226949,2008-06-30
,,,,,,,,,227151,2008-06-30
,,,,,,,,,227179,2008-06-30
,,,,,,,,,227357,2008-06-30
,,,,,,,,,227656,2008-06-30
,,,,,,,,,228000,2008-06-30
,,,,,,,,,228055,2008-06-30
,,,,,,,,,228158,2008-06-30
,,,,,,,,,228345,2008-06-30
,,,,,,,,,229342,2008-06-30
,,,,,,,,,229454,2008-06-30
,,,,,,,,,229801,2008-06-30
,,,,,,,,,229913,2008-06-30
,,,,,,,,,229940,2008-06-30
,,,,,,,,,229959,2008-06-30
,,,,,,,,,230254,2008-06-30
,,,,,,,,,230357,2008-06-30
,,,,,,,,,230423,2008-06-30
,,,,,,,,,230535,2008-06-30
,,,,,,,,,230610,2008-06-30
,,,,,,,,,230740,2008-06-30
,,,,,,,,,230759,2008-06-30
,,,,,,,,,231149,2008-06-30
,,,,,,,,,231242,2008-06-30
,,,,,,,,,231279,2008-06-30
,,,,,,,,,231336,2008-06-30
,,,,,,,,,232258,2008-06-30
,,,,,,,,,232744,2008-06-30
,,,,,,,,,232847,2008-06-30
,,,,,,,,,232856,2008-06-30
,,,,,,,,,233031,2008-06-30
,,,,,,,,,233246,2008-06-30
,,,,,,,,,233358,2008-06-30
,,,,,,,,,233442,2008-06-30
,,,,,,,,,233451,2008-06-30
,,,,,,,,,233527,2008-06-30
,,,,,,,,,233554,2008-06-30
,,,,,,,,,234056,2008-06-30
,,,,,,,,,234355,2008-06-30
,,,,,,,,,234506,2008-06-30
,,,,,,,,,234645,2008-06-30
,,,,,,,,,234739,2008-06-30
,,,,,,,,,234841,2008-06-30
,,,,,,,,,235017,2008-06-30
,,,,,,,,,235231,2008-06-30
,,,,,,,,,235316,2008-06-30
,,,,,,,,,235446,2008-06-30
,,,,,,,,,235521,2008-06-30
,,,,,,,,,235530,2008-06-30
,,,,,,,,,235558,2008-06-30
,,,,,,,,,235950,2008-06-30
,,,,,,,,,236050,2008-06-30
,,,,,,,,,236153,2008-06-30
,,,,,,,,,236256,2008-06-30
,,,,,,,,,236452,2008-06-30
,,,,,,,,,236519,2008-06-30
,,,,,,,,,236603,2008-06-30
,,,,,,,,,236706,2008-06-30
,,,,,,,,,236751,2008-06-30
,,,,,,,,,236957,2008-06-30
,,,,,,,,,237066,2008-06-30
,,,,,,,,,237150,2008-06-30
,,,,,,,,,237619,2008-06-30
,,,,,,,,,237954,2008-06-30
,,,,,,,,,238045,2008-06-30
,,,,,,,,,238139,2008-06-30
,,,,,,,,,238241,2008-06-30
,,,,,,,,,238250,2008-06-30
,,,,,,,,,238737,2008-06-30
,,,,,,,,,238755,2008-06-30
,,,,,,,,,238812,2008-06-30
,,,,,,,,,239015,2008-06-30
,,,,,,,,,239042,2008-06-30
,,,,,,,,,239275,2008-06-30
,,,,,,,,,239556,2008-06-30
,,,,,,,,,239613,2008-06-30
,,,,,,,,,239640,2008-06-30
,,,,,,,,,239659,2008-06-30
,,,,,,,,,239752,2008-06-30
,,,,,,,,,240356,2008-06-30
,,,,,,,,,240459,2008-06-30
,,,,,,,,,240468,2008-06-30
,,,,,,,,,240954,2008-06-30
,,,,,,,,,241009,2008-06-30
,,,,,,,,,241157,2008-06-30
,,,,,,,,,241559,2008-06-30
,,,,,,,,,241607,2008-06-30
,,,,,,,,,242248,2008-06-30
,,,,,,,,,242257,2008-06-30
,,,,,,,,,242444,2008-06-30
,,,,,,,,,242949,2008-06-30
,,,,,,,,,242958,2008-06-30
,,,,,,,,,243375,2008-06-30
,,,,,,,,,243414,2008-06-30
,,,,,,,,,243647,2008-06-30
,,,,,,,,,243955,2008-06-30
,,,,,,,,,244037,2008-06-30
,,,,,,,,,244149,2008-06-30
,,,,,,,,,244158,2008-06-30
,,,,,,,,,244251,2008-06-30
,,,,,,,,,245016,2008-06-30
,,,,,,,,,245276,2008-06-30
,,,,,,,,,245351,2008-06-30
,,,,,,,,,245557,2008-06-30
,,,,,,,,,245856,2008-06-30
,,,,,,,,,246022,2008-06-30
,,,,,,,,,246134,2008-06-30
,,,,,,,,,246237,2008-06-30
,,,,,,,,,246451,2008-06-30
,,,,,,,,,246657,2008-06-30
,,,,,,,,,246947,2008-06-30
,,,,,,,,,246956,2008-06-30
,,,,,,,,,247140,2008-06-30
,,,,,,,,,247355,2008-06-30
,,,,,,,,,247449,2008-06-30
,,,,,,,,,247476,2008-06-30
,,,,,,,,,247551,2008-06-30
,,,,,,,,,247645,2008-06-30
,,,,,,,,,247908,2008-06-30
,,,,,,,,,248147,2008-06-30
,,,,,,,,,248240,2008-06-30
,,,,,,,,,248352,2008-06-30
,,,,,,,,,248455,2008-06-30
,,,,,,,,,248633,2008-06-30
,,,,,,,,,248745,2008-06-30
,,,,,,,,,248950,2008-06-30
,,,,,,,,,248969,2008-06-30
,,,,,,,,,249153,2008-06-30
,,,,,,,,,249304,2008-06-30
,,,,,,,,,249416,2008-06-30
,,,,,,,,,249546,2008-06-30
,,,,,,,,,249555,2008-06-30
,,,,,,,,,249564,2008-06-30
,,,,,,,,,249612,2008-06-30
,,,,,,,,,249658,2008-06-30
,,,,,,,,,249872,2008-06-30
,,,,,,,,,249957,2008-06-30
,,,,,,,,,250047,2008-06-30
,,,,,,,,,250430,2008-06-30
,,,,,,,,,250850,2008-06-30
,,,,,,,,,251352,2008-06-30
,,,,,,,,,251558,2008-06-30
,,,,,,,,,251745,2008-06-30
,,,,,,,,,251857,2008-06-30
,,,,,,,,,252041,2008-06-30
,,,,,,,,,252256,2008-06-30
,,,,,,,,,252452,2008-06-30
,,,,,,,,,252658,2008-06-30
,,,,,,,,,252836,2008-06-30
,,,,,,,,,253262,2008-06-30
,,,,,,,,,253356,2008-06-30
,,,,,,,,,253440,2008-06-30
,,,,,,,,,253468,2008-06-30
,,,,,,,,,253646,2008-06-30
,,,,,,,,,253730,2008-06-30
,,,,,,,,,253776,2008-06-30
,,,,,,,,,254317,2008-06-30
,,,,,,,,,254504,2008-06-30
,,,,,,,,,254652,2008-06-30
,,,,,,,,,254670,2008-06-30
,,,,,,,,,254849,2008-06-30
,,,,,,,,,255136,2008-06-30
,,,,,,,,,255350,2008-06-30
,,,,,,,,,255547,2008-06-30
,,,,,,,,,255556,2008-06-30
,,,,,,,,,255574,2008-06-30
,,,,,,,,,255659,2008-06-30
,,,,,,,,,255873,2008-06-30
,,,,,,,,,256049,2008-06-30
,,,,,,,,,256058,2008-06-30
,,,,,,,,,256179,2008-06-30
,,,,,,,,,256553,2008-06-30
,,,,,,,,,256964,2008-06-30
,,,,,,,,,257233,2008-06-30
,,,,,,,,,257345,2008-06-30
,,,,,,,,,257466,2008-06-30
,,,,,,,,,257653,2008-06-30
,,,,,,,,,257756,2008-06-30
,,,,,,,,,257868,2008-06-30
,,,,,,,,,258146,2008-06-30
,,,,,,,,,258306,2008-06-30
,,,,,,,,,258351,2008-06-30
,,,,,,,,,258379,2008-06-30
,,,,,,,,,258445,2008-06-30
,,,,,,,,,258539,2008-06-30
,,,,,,,,,258632,2008-06-30
,,,,,,,,,258771,2008-06-30
,,,,,,,,,259031,2008-06-30
,,,,,,,,,259059,2008-06-30
,,,,,,,,,259330,2008-06-30
,,,,,,,,,259442,2008-06-30
,,,,,,,,,259518,2008-06-30
,,,,,,,,,259657,2008-06-30
,,,,,,,,,259853,2008-06-30
,,,,,,,,,259956,2008-06-30
,,,,,,,,,260055,2008-06-30
,,,,,,,,,260354,2008-06-30
,,,,,,,,,260831,2008-06-30
,,,,,,,,,260868,2008-06-30
,,,,,,,,,261070,2008-06-30
,,,,,,,,,261146,2008-06-30
,,,,,,,,,261258,2008-06-30
,,,,,,,,,261360,2008-06-30
,,,,,,,,,261940,2008-06-30
,,,,,,,,,262059,2008-06-30
,,,,,,,,,262237,2008-06-30
,,,,,,,,,262358,2008-06-30
,,,,,,,,,262451,2008-06-30
,,,,,,,,,262741,2008-06-30
,,,,,,,,,262844,2008-06-30
,,,,,,,,,262956,2008-06-30
,,,,,,,,,263243,2008-06-30
,,,,,,,,,263551,2008-06-30
,,,,,,,,,263627,2008-06-30
,,,,,,,,,264156,2008-06-30
,,,,,,,,,264455,2008-06-30
,,,,,,,,,264558,2008-06-30
,,,,,,,,,264941,2008-06-30
,,,,,,,,,265340,2008-06-30
,,,,,,,,,265407,2008-06-30
,,,,,,,,,265452,2008-06-30
,,,,,,,,,265676,2008-06-30
,,,,,,,,,266066,2008-06-30
,,,,,,,,,266244,2008-06-30
,,,,,,,,,266253,2008-06-30
,,,,,,,,,266271,2008-06-30
,,,,,,,,,266655,2008-06-30
,,,,,,,,,266851,2008-06-30
,,,,,,,,,266879,2008-06-30
,,,,,,,,,266945,2008-06-30
,,,,,,,,,267652,2008-06-30
,,,,,,,,,267737,2008-06-30
,,,,,,,,,268136,2008-06-30
,,,,,,,,,268257,2008-06-30
,,,,,,,,,268341,2008-06-30
,,,,,,,,,268556,2008-06-30
,,,,,,,,,268734,2008-06-30
,,,,,,,,,268828,2008-06-30
,,,,,,,,,268976,2008-06-30
,,,,,,,,,269049,2008-06-30
,,,,,,,,,269058,2008-06-30
,,,,,,,,,269478,2008-06-30
,,,,,,,,,269759,2008-06-30
,,,,,,,,,270036,2008-06-30
,,,,,,,,,270148,2008-06-30
,,,,,,,,,270335,2008-06-30
,,,,,,,,,270353,2008-06-30
,,,,,,,,,270504,2008-06-30
,,,,,,,,,270531,2008-06-30
,,,,,,,,,270652,2008-06-30
,,,,,,,,,271136,2008-06-30
,,,,,,,,,271154,2008-06-30
,,,,,,,,,271275,2008-06-30
,,,,,,,,,271341,2008-06-30
,,,,,,,,,271529,2008-06-30
,,,,,,,,,271631,2008-06-30
,,,,,,,,,271743,2008-06-30
,,,,,,,,,271752,2008-06-30
,,,,,,,,,271855,2008-06-30
,,,,,,,,,272030,2008-06-30
,,,,,,,,,272058,2008-06-30
,,,,,,,,,272151,2008-06-30
,,,,,,,,,272218,2008-06-30
,,,,,,,,,272245,2008-06-30
,,,,,,,,,272272,2008-06-30
,,,,,,,,,272302,2008-06-30
,,,,,,,,,272870,2008-06-30
,,,,,,,,,273149,2008-06-30
,,,,,,,,,273251,2008-06-30
,,,,,,,,,273336,2008-06-30
,,,,,,,,,273523,2008-06-30
,,,,,,,,,273550,2008-06-30
,,,,,,,,,273653,2008-06-30
,,,,,,,,,273662,2008-06-30
,,,,,,,,,273840,2008-06-30
,,,,,,,,,273859,2008-06-30
,,,,,,,,,274025,2008-06-30
,,,,,,,,,274052,2008-06-30
,,,,,,,,,274164,2008-06-30
,,,,,,,,,274548,2008-06-30
,,,,,,,,,274641,2008-06-30
,,,,,,,,,274753,2008-06-30
,,,,,,,,,274829,2008-06-30
,,,,,,,,,274856,2008-06-30
,,,,,,,,,275116,2008-06-30
,,,,,,,,,275255,2008-06-30
,,,,,,,,,275358,2008-06-30
,,,,,,,,,275509,2008-06-30
,,,,,,,,,275657,2008-06-30
,,,,,,,,,275750,2008-06-30
,,,,,,,,,275769,2008-06-30
,,,,,,,,,276159,2008-06-30
,,,,,,,,,276355,2008-06-30
,,,,,,,,,276551,2008-06-30
,,,,,,,,,276579,2008-06-30
,,,,,,,,,276645,2008-06-30
,,,,,,,,,276654,2008-06-30
,,,,,,,,,276711,2008-06-30
,,,,,,,,,276775,2008-06-30
,,,,,,,,,276850,2008-06-30
,,,,,,,,,276953,2008-06-30
,,,,,,,,,277053,2008-06-30
,,,,,,,,,277240,2008-06-30
,,,,,,,,,277277,2008-06-30
,,,,,,,,,277558,2008-06-30
,,,,,,,,,277567,2008-06-30
,,,,,,,,,277736,2008-06-30
,,,,,,,,,277820,2008-06-30
,,,,,,,,,278078,2008-06-30
,,,,,,,,,278153,2008-06-30
,,,,,,,,,278256,2008-06-30
,,,,,,,,,278555,2008-06-30
,,,,,,,,,278733,2008-06-30
,,,,,,,,,278751,2008-06-30
,,,,,,,,,278818,2008-06-30
,,,,,,,,,278957,2008-06-30
,,,,,,,,,279105,2008-06-30
,,,,,,,,,279338,2008-06-30
,,,,,,,,,279673,2008-06-30
,,,,,,,,,279842,2008-06-30
,,,,,,,,,279954,2008-06-30
,,,,,,,,,280044,2008-06-30
,,,,,,,,,280110,2008-06-30
,,,,,,,,,280138,2008-06-30
,,,,,,,,,280352,2008-06-30
,,,,,,,,,280558,2008-06-30
,,,,,,,,,280950,2008-06-30
,,,,,,,,,281144,2008-06-30
,,,,,,,,,281210,2008-06-30
,,,,,,,,,282048,2008-06-30
,,,,,,,,,282226,2008-06-30
,,,,,,,,,282329,2008-06-30
,,,,,,,,,282824,2008-06-30
,,,,,,,,,283157,2008-06-30
,,,,,,,,,283438,2008-06-30
,,,,,,,,,283652,2008-06-30
,,,,,,,,,283737,2008-06-30
,,,,,,,,,283858,2008-06-30
,,,,,,,,,283867,2008-06-30
,,,,,,,,,284154,2008-06-30
,,,,,,,,,284239,2008-06-30
,,,,,,,,,284248,2008-06-30
,,,,,,,,,284332,2008-06-30
,,,,,,,,,284408,2008-06-30
,,,,,,,,,284556,2008-06-30
,,,,,,,,,284819,2008-06-30
,,,,,,,,,284958,2008-06-30
,,,,,,,,,285151,2008-06-30
,,,,,,,,,285348,2008-06-30
,,,,,,,,,285544,2008-06-30
,,,,,,,,,285553,2008-06-30
,,,,,,,,,285740,2008-06-30
,,,,,,,,,285759,2008-06-30
,,,,,,,,,285777,2008-06-30
,,,,,,,,,285852,2008-06-30
,,,,,,,,,285928,2008-06-30
,,,,,,,,,286251,2008-06-30
,,,,,,,,,286457,2008-06-30
,,,,,,,,,286840,2008-06-30
,,,,,,,,,287007,2008-06-30
,,,,,,,,,287342,2008-06-30
,,,,,,,,,287351,2008-06-30
,,,,,,,,,287539,2008-06-30
,,,,,,,,,287650,2008-06-30
,,,,,,,,,287856,2008-06-30
,,,,,,,,,287922,2008-06-30
,,,,,,,,,287959,2008-06-30
,,,,,,,,,288152,2008-06-30
,,,,,,,,,288358,2008-06-30
,,,,,,,,,288376,2008-06-30
,,,,,,,,,288853,2008-06-30
,,,,,,,,,289056,2008-06-30
,,,,,,,,,289225,2008-06-30
,,,,,,,,,289449,2008-06-30
,,,,,,,,,289515,2008-06-30
,,,,,,,,,289702,2008-06-30
,,,,,,,,,289739,2008-06-30
,,,,,,,,,289757,2008-06-30
,,,,,,,,,290052,2008-06-30
,,,,,,,,,290230,2008-06-30
,,,,,,,,,290249,2008-06-30
,,,,,,,,,290838,2008-06-30
,,,,,,,,,290922,2008-06-30
,,,,,,,,,291059,2008-06-30
,,,,,,,,,291152,2008-06-30
,,,,,,,,,291273,2008-06-30
,,,,,,,,,291330,2008-06-30
,,,,,,,,,291611,2008-06-30
,,,,,,,,,291732,2008-06-30
,,,,,,,,,292234,2008-06-30
,,,,,,,,,292467,2008-06-30
,,,,,,,,,292524,2008-06-30
,,,,,,,,,292850,2008-06-30
,,,,,,,,,292908,2008-06-30
,,,,,,,,,293026,2008-06-30
,,,,,,,,,293053,2008-06-30
,,,,,,,,,293352,2008-06-30
,,,,,,,,,293437,2008-06-30
,,,,,,,,,293651,2008-06-30
,,,,,,,,,293736,2008-06-30
,,,,,,,,,293754,2008-06-30
,,,,,,,,,294023,2008-06-30
,,,,,,,,,294153,2008-06-30
,,,,,,,,,294256,2008-06-30
,,,,,,,,,294564,2008-06-30
,,,,,,,,,294751,2008-06-30
,,,,,,,,,294779,2008-06-30
,,,,,,,,,294827,2008-06-30
,,,,,,,,,295011,2008-06-30
,,,,,,,,,295057,2008-06-30
,,,,,,,,,295356,2008-06-30
,,,,,,,,,295552,2008-06-30
,,,,,,,,,295637,2008-06-30
,,,,,,,,,295646,2008-06-30
,,,,,,,,,295758,2008-06-30
,,,,,,,,,296438,2008-06-30
,,,,,,,,,296456,2008-06-30
,,,,,,,,,296559,2008-06-30
,,,,,,,,,296755,2008-06-30
,,,,,,,,,296858,2008-06-30
,,,,,,,,,297051,2008-06-30
,,,,,,,,,297257,2008-06-30
,,,,,,,,,297453,2008-06-30
,,,,,,,,,297547,2008-06-30
,,,,,,,,,297631,2008-06-30
,,,,,,,,,297761,2008-06-30
,,,,,,,,,298049,2008-06-30
,,,,,,,,,298218,2008-06-30
,,,,,,,,,298245,2008-06-30
,,,,,,,,,299046,2008-06-30
,,,,,,,,,299251,2008-06-30
,,,,,,,,,299644,2008-06-30
,,,,,,,,,299653,2008-06-30
,,,,,,,,,299868,2008-06-30
,,,,,,,,,300009,2008-06-30
,,,,,,,,,300036,2008-06-30
,,,,,,,,,300063,2008-06-30
,,,,,,,,,300157,2008-06-30
,,,,,,,,,300250,2008-06-30
,,,,,,,,,300353,2008-06-30
,,,,,,,,,300456,2008-06-30
,,,,,,,,,300531,2008-06-30
,,,,,,,,,300933,2008-06-30
,,,,,,,,,300942,2008-06-30
,,,,,,,,,300960,2008-06-30
,,,,,,,,,301640,2008-06-30
,,,,,,,,,301800,2008-06-30
,,,,,,,,,302030,2008-06-30
,,,,,,,,,302133,2008-06-30
,,,,,,,,,302450,2008-06-30
,,,,,,,,,302553,2008-06-30
,,,,,,,,,302656,2008-06-30
,,,,,,,,,302665,2008-06-30
,,,,,,,,,303550,2008-06-30
,,,,,,,,,303653,2008-06-30
,,,,,,,,,303701,2008-06-30
,,,,,,,,,303747,2008-06-30
,,,,,,,,,303952,2008-06-30
,,,,,,,,,304155,2008-06-30
,,,,,,,,,304173,2008-06-30
,,,,,,,,,304520,2008-06-30
,,,,,,,,,304762,2008-06-30
,,,,,,,,,304913,2008-06-30
,,,,,,,,,305059,2008-06-30
,,,,,,,,,305152,2008-06-30
,,,,,,,,,305237,2008-06-30
,,,,,,,,,305433,2008-06-30
,,,,,,,,,305442,2008-06-30
,,,,,,,,,305648,2008-06-30
,,,,,,,,,305750,2008-06-30
,,,,,,,,,306056,2008-06-30
,,,,,,,,,306140,2008-06-30
,,,,,,,,,306159,2008-06-30
,,,,,,,,,306337,2008-06-30
,,,,,,,,,306739,2008-06-30
,,,,,,,,,306908,2008-06-30
,,,,,,,,,307062,2008-06-30
,,,,,,,,,307334,2008-06-30
,,,,,,,,,307361,2008-06-30
,,,,,,,,,307679,2008-06-30
,,,,,,,,,307745,2008-06-30
,,,,,,,,,307932,2008-06-30
,,,,,,,,,307950,2008-06-30
,,,,,,,,,308256,2008-06-30
,,,,,,,,,308340,2008-06-30
,,,,,,,,,308443,2008-06-30
,,,,,,,,,308649,2008-06-30
,,,,,,,,,308836,2008-06-30
,,,,,,,,,309150,2008-06-30
,,,,,,,,,309570,2008-06-30
,,,,,,,,,309655,2008-06-30
,,,,,,,,,309758,2008-06-30
,,,,,,,,,309851,2008-06-30
,,,,,,,,,310437,2008-06-30
,,,,,,,,,310727,2008-06-30
,,,,,,,,,310754,2008-06-30
,,,,,,,,,310875,2008-06-30
,,,,,,,,,310950,2008-06-30
,,,,,,,,,310978,2008-06-30
,,,,,,,,,311050,2008-06-30
,,,,,,,,,311144,2008-06-30
,,,,,,,,,311256,2008-06-30
,,,,,,,,,311265,2008-06-30
,,,,,,,,,311452,2008-06-30
,,,,,,,,,311603,2008-06-30
,,,,,,,,,311649,2008-06-30
,,,,,,,,,311658,2008-06-30
,,,,,,,,,311845,2008-06-30
,,,,,,,,,311939,2008-06-30
,,,,,,,,,312244,2008-06-30
,,,,,,,,,312356,2008-06-30
,,,,,,,,,312730,2008-06-30
,,,,,,,,,313009,2008-06-30
,,,,,,,,,313157,2008-06-30
,,,,,,,,,313223,2008-06-30
,,,,,,,,,313241,2008-06-30
,,,,,,,,,313401,2008-06-30
,,,,,,,,,313531,2008-06-30
,,,,,,,,,313577,2008-06-30
,,,,,,,,,314033,2008-06-30
,,,,,,,,,314257,2008-06-30
,,,,,,,,,314444,2008-06-30
,,,,,,,,,315339,2008-06-30
,,,,,,,,,315357,2008-06-30
,,,,,,,,,315629,2008-06-30
,,,,,,,,,315656,2008-06-30
,,,,,,,,,315674,2008-06-30
,,,,,,,,,315852,2008-06-30
,,,,,,,,,316354,2008-06-30
,,,,,,,,,316840,2008-06-30
,,,,,,,,,316859,2008-06-30
,,,,,,,,,316916,2008-06-30
,,,,,,,,,316934,2008-06-30
,,,,,,,,,317100,2008-06-30
,,,,,,,,,317258,2008-06-30
,,,,,,,,,317342,2008-06-30
,,,,,,,,,317650,2008-06-30
,,,,,,,,,318639,2008-06-30
,,,,,,,,,318835,2008-06-30
,,,,,,,,,319047,2008-06-30
,,,,,,,,,319458,2008-06-30
,,,,,,,,,319542,2008-06-30
,,,,,,,,,319551,2008-06-30
,,,,,,,,,320034,2008-06-30
,,,,,,,,,320052,2008-06-30
,,,,,,,,,320070,2008-06-30
,,,,,,,,,320119,2008-06-30
,,,,,,,,,320155,2008-06-30
,,,,,,,,,320856,2008-06-30
,,,,,,,,,321152,2008-06-30
,,,,,,,,,321255,2008-06-30
,,,,,,,,,321330,2008-06-30
,,,,,,,,,321536,2008-06-30
,,,,,,,,,321947,2008-06-30
,,,,,,,,,322056,2008-06-30
,,,,,,,,,322449,2008-06-30
,,,,,,,,,322476,2008-06-30
,,,,,,,,,322551,2008-06-30
,,,,,,,,,322757,2008-06-30
,,,,,,,,,322850,2008-06-30
,,,,,,,,,323035,2008-06-30
,,,,,,,,,323204,2008-06-30
,,,,,,,,,323651,2008-06-30
,,,,,,,,,323718,2008-06-30
,,,,,,,,,324153,2008-06-30
,,,,,,,,,324229,2008-06-30
,,,,,,,,,324256,2008-06-30
,,,,,,,,,324274,2008-06-30
,,,,,,,,,324340,2008-06-30
,,,,,,,,,324649,2008-06-30
,,,,,,,,,324854,2008-06-30
,,,,,,,,,324863,2008-06-30
,,,,,,,,,324975,2008-06-30
,,,,,,,,,325141,2008-06-30
,,,,,,,,,325459,2008-06-30
,,,,,,,,,325534,2008-06-30
,,,,,,,,,325824,2008-06-30
,,,,,,,,,326054,2008-06-30
,,,,,,,,,326344,2008-06-30
,,,,,,,,,326858,2008-06-30
,,,,,,,,,326979,2008-06-30
,,,,,,,,,327015,2008-06-30
,,,,,,,,,327220,2008-06-30
,,,,,,,,,327305,2008-06-30
,,,,,,,,,327435,2008-06-30
,,,,,,,,,327453,2008-06-30
,,,,,,,,,327556,2008-06-30
,,,,,,,,,327855,2008-06-30
,,,,,,,,,327949,2008-06-30
,,,,,,,,,328058,2008-06-30
,,,,,,,,,328151,2008-06-30
,,,,,,,,,328357,2008-06-30
,,,,,,,,,328423,2008-06-30
,,,,,,,,,328450,2008-06-30
,,,,,,,,,328553,2008-06-30
,,,,,,,,,328656,2008-06-30
,,,,,,,,,328777,2008-06-30
,,,,,,,,,329149,2008-06-30
,,,,,,,,,329345,2008-06-30
,,,,,,,,,329550,2008-06-30
,,,,,,,,,329578,2008-06-30
,,,,,,,,,329756,2008-06-30
,,,,,,,,,329952,2008-06-30
,,,,,,,,,330239,2008-06-30
,,,,,,,,,330248,2008-06-30
,,,,,,,,,330453,2008-06-30
,,,,,,,,,330855,2008-06-30
,,,,,,,,,330873,2008-06-30
,,,,,,,,,330949,2008-06-30
,,,,,,,,,331375,2008-06-30
,,,,,,,,,331544,2008-06-30
,,,,,,,,,331553,2008-06-30
,,,,,,,,,331713,2008-06-30
,,,,,,,,,332055,2008-06-30
,,,,,,,,,332224,2008-06-30
,,,,,,,,,332345,2008-06-30
,,,,,,,,,332402,2008-06-30
,,,,,,,,,332756,2008-06-30
,,,,,,,,,333034,2008-06-30
,,,,,,,,,333052,2008-06-30
,,,,,,,,,333203,2008-06-30
,,,,,,,,,333650,2008-06-30
,,,,,,,,,333856,2008-06-30
,,,,,,,,,333940,2008-06-30
,,,,,,,,,334255,2008-06-30
,,,,,,,,,334264,2008-06-30
,,,,,,,,,334648,2008-06-30
,,,,,,,,,334657,2008-06-30
,,,,,,,,,335346,2008-06-30
,,,,,,,,,335355,2008-06-30
,,,,,,,,,335757,2008-06-30
,,,,,,,,,336147,2008-06-30
,,,,,,,,,336361,2008-06-30
,,,,,,,,,336576,2008-06-30
,,,,,,,,,336950,2008-06-30
,,,,,,,,,337247,2008-06-30
,,,,,,,,,337340,2008-06-30
,,,,,,,,,337733,2008-06-30
,,,,,,,,,338178,2008-06-30
,,,,,,,,,338646,2008-06-30
,,,,,,,,,338758,2008-06-30
,,,,,,,,,338851,2008-06-30
,,,,,,,,,338945,2008-06-30
,,,,,,,,,339054,2008-06-30
,,,,,,,,,339353,2008-06-30
,,,,,,,,,339456,2008-06-30
,,,,,,,,,339607,2008-06-30
,,,,,,,,,339773,2008-06-30
,,,,,,,,,339858,2008-06-30
,,,,,,,,,339951,2008-06-30
,,,,,,,,,340135,2008-06-30
,,,,,,,,,340144,2008-06-30
,,,,,,,,,340256,2008-06-30
,,,,,,,,,340443,2008-06-30
,,,,,,,,,340555,2008-06-30
,,,,,,,,,340649,2008-06-30
,,,,,,,,,340742,2008-06-30
,,,,,,,,,340751,2008-06-30
,,,,,,,,,341178,2008-06-30
,,,,,,,,,341851,2008-06-30
,,,,,,,,,341918,2008-06-30
,,,,,,,,,341954,2008-06-30
,,,,,,,,,341972,2008-06-30
,,,,,,,,,342054,2008-06-30
,,,,,,,,,342175,2008-06-30
,,,,,,,,,342362,2008-06-30
,,,,,,,,,342410,2008-06-30
,,,,,,,,,342634,2008-06-30
,,,,,,,,,342643,2008-06-30
,,,,,,,,,343051,2008-06-30
,,,,,,,,,343248,2008-06-30
,,,,,,,,,343257,2008-06-30
,,,,,,,,,343341,2008-06-30
,,,,,,,,,343770,2008-06-30
,,,,,,,,,343903,2008-06-30
,,,,,,,,,343958,2008-06-30
,,,,,,,,,344236,2008-06-30
,,,,,,,,,344647,2008-06-30
,,,,,,,,,344816,2008-06-30
,,,,,,,,,344852,2008-06-30
,,,,,,,,,345149,2008-06-30
,,,,,,,,,345309,2008-06-30
,,,,,,,,,345345,2008-06-30
,,,,,,,,,345747,2008-06-30
,,,,,,,,,345756,2008-06-30
,,,,,,,,,346566,2008-06-30
,,,,,,,,,347022,2008-06-30
,,,,,,,,,347639,2008-06-30
,,,,,,,,,347657,2008-06-30
,,,,,,,,,347956,2008-06-30
,,,,,,,,,348159,2008-06-30
,,,,,,,,,348207,2008-06-30
,,,,,,,,,348458,2008-06-30
,,,,,,,,,348542,2008-06-30
,,,,,,,,,348551,2008-06-30
,,,,,,,,,348720,2008-06-30
,,,,,,,,,348748,2008-06-30
,,,,,,,,,349129,2008-06-30
,,,,,,,,,349165,2008-06-30
,,,,,,,,,349343,2008-06-30
,,,,,,,,,349370,2008-06-30
,,,,,,,,,350433,2008-06-30
,,,,,,,,,350657,2008-06-30
,,,,,,,,,350750,2008-06-30
,,,,,,,,,351131,2008-06-30
,,,,,,,,,351207,2008-06-30
,,,,,,,,,351355,2008-06-30
,,,,,,,,,351560,2008-06-30
,,,,,,,,,351850,2008-06-30
,,,,,,,,,352035,2008-06-30
,,,,,,,,,352651,2008-06-30
,,,,,,,,,352745,2008-06-30
,,,,,,,,,352772,2008-06-30
,,,,,,,,,352820,2008-06-30
,,,,,,,,,353069,2008-06-30
,,,,,,,,,353238,2008-06-30
,,,,,,,,,353359,2008-06-30
,,,,,,,,,353546,2008-06-30
,,,,,,,,,353555,2008-06-30
,,,,,,,,,353724,2008-06-30
,,,,,,,,,353751,2008-06-30
,,,,,,,,,353957,2008-06-30
,,,,,,,,,354057,2008-06-30
,,,,,,,,,354253,2008-06-30
,,,,,,,,,354310,2008-06-30
,,,,,,,,,354552,2008-06-30
,,,,,,,,,354851,2008-06-30
,,,,,,,,,354954,2008-06-30
,,,,,,,,,355120,2008-06-30
,,,,,,,,,355559,2008-06-30
,,,,,,,,,355737,2008-06-30
,,,,,,,,,355746,2008-06-30
,,,,,,,,,355821,2008-06-30
,,,,,,,,,355858,2008-06-30
,,,,,,,,,356145,2008-06-30
,,,,,,,,,356239,2008-06-30
,,,,,,,,,356659,2008-06-30
,,,,,,,,,356752,2008-06-30
,,,,,,,,,356949,2008-06-30
,,,,,,,,,357049,2008-06-30
,,,,,,,,,357151,2008-06-30
,,,,,,,,,357375,2008-06-30
,,,,,,,,,357526,2008-06-30
,,,,,,,,,357553,2008-06-30
,,,,,,,,,357777,2008-06-30
,,,,,,,,,357834,2008-06-30
,,,,,,,,,357937,2008-06-30
,,,,,,,,,358112,2008-06-30
,,,,,,,,,358149,2008-06-30
,,,,,,,,,358233,2008-06-30
,,,,,,,,,358448,2008-06-30
,,,,,,,,,358756,2008-06-30
,,,,,,,,,359324,2008-06-30
,,,,,,,,,359360,2008-06-30
,,,,,,,,,359650,2008-06-30
,,,,,,,,,359744,2008-06-30
,,,,,,,,,359838,2008-06-30
,,,,,,,,,359847,2008-06-30
,,,,,,,,,359856,2008-06-30
,,,,,,,,,360777,2008-06-30
,,,,,,,,,360843,2008-06-30
,,,,,,,,,360955,2008-06-30
,,,,,,,,,361055,2008-06-30
,,,,,,,,,361167,2008-06-30
,,,,,,,,,361279,2008-06-30
,,,,,,,,,361354,2008-06-30
,,,,,,,,,361439,2008-06-30
,,,,,,,,,361457,2008-06-30
,,,,,,,,,361653,2008-06-30
,,,,,,,,,362007,2008-06-30
,,,,,,,,,362043,2008-06-30
,,,,,,,,,362052,2008-06-30
,,,,,,,,,362155,2008-06-30
,,,,,,,,,362717,2008-06-30
,,,,,,,,,362753,2008-06-30
,,,,,,,,,362856,2008-06-30
,,,,,,,,,362940,2008-06-30
,,,,,,,,,363264,2008-06-30
,,,,,,,,,363442,2008-06-30
,,,,,,,,,363648,2008-06-30
,,,,,,,,,363657,2008-06-30
,,,,,,,,,363956,2008-06-30
,,,,,,,,,364131,2008-06-30
,,,,,,,,,364337,2008-06-30
,,,,,,,,,364430,2008-06-30
,,,,,,,,,364449,2008-06-30
,,,,,,,,,364850,2008-06-30
,,,,,,,,,364971,2008-06-30
,,,,,,,,,365325,2008-06-30
,,,,,,,,,365455,2008-06-30
,,,,,,,,,365651,2008-06-30
,,,,,,,,,365745,2008-06-30
,,,,,,,,,365848,2008-06-30
,,,,,,,,,365875,2008-06-30
,,,,,,,,,365950,2008-06-30
,,,,,,,,,366078,2008-06-30
,,,,,,,,,366238,2008-06-30
,,,,,,,,,366247,2008-06-30
,,,,,,,,,366359,2008-06-30
,,,,,,,,,366658,2008-06-30
,,,,,,,,,366854,2008-06-30
,,,,,,,,,367150,2008-06-30
,,,,,,,,,367208,2008-06-30
,,,,,,,,,367244,2008-06-30
,,,,,,,,,367431,2008-06-30
,,,,,,,,,367543,2008-06-30
,,,,,,,,,367851,2008-06-30
,,,,,,,,,367954,2008-06-30
,,,,,,,,,368054,2008-06-30
,,,,,,,,,368111,2008-06-30
,,,,,,,,,368175,2008-06-30
,,,,,,,,,368344,2008-06-30
,,,,,,,,,368429,2008-06-30
,,,,,,,,,368522,2008-06-30
,,,,,,,,,368755,2008-06-30
,,,,,,,,,368933,2008-06-30
,,,,,,,,,368951,2008-06-30
,,,,,,,,,369453,2008-06-30
,,,,,,,,,369659,2008-06-30
,,,,,,,,,370020,2008-06-30
,,,,,,,,,370150,2008-06-30
,,,,,,,,,370338,2008-06-30
,,,,,,,,,370347,2008-06-30
,,,,,,,,,370721,2008-06-30
,,,,,,,,,370758,2008-06-30
,,,,,,,,,370833,2008-06-30
,,,,,,,,,370954,2008-06-30
,,,,,,,,,371223,2008-06-30
,,,,,,,,,371232,2008-06-30
,,,,,,,,,371353,2008-06-30
,,,,,,,,,371362,2008-06-30
,,,,,,,,,371559,2008-06-30
,,,,,,,,,371755,2008-06-30
,,,,,,,,,371849,2008-06-30
,,,,,,,,,371858,2008-06-30
,,,,,,,,,371924,2008-06-30
,,,,,,,,,371942,2008-06-30
,,,,,,,,,372248,2008-06-30
,,,,,,,,,372257,2008-06-30
,,,,,,,,,372444,2008-06-30
,,,,,,,,,372538,2008-06-30
,,,,,,,,,372556,2008-06-30
,,,,,,,,,372640,2008-06-30
,,,,,,,,,372855,2008-06-30
,,,,,,,,,373058,2008-06-30
,,,,,,,,,373115,2008-06-30
,,,,,,,,,373272,2008-06-30
,,,,,,,,,373553,2008-06-30
,,,,,,,,,373601,2008-06-30
,,,,,,,,,374130,2008-06-30
,,,,,,,,,374354,2008-06-30
,,,,,,,,,374653,2008-06-30
,,,,,,,,,374774,2008-06-30
,,,,,,,,,374934,2008-06-30
,,,,,,,,,375034,2008-06-30
,,,,,,,,,375043,2008-06-30
,,,,,,,,,375155,2008-06-30
,,,,,,,,,375502,2008-06-30
,,,,,,,,,375566,2008-06-30
,,,,,,,,,375650,2008-06-30
,,,,,,,,,376068,2008-06-30
,,,,,,,,,376125,2008-06-30
,,,,,,,,,376237,2008-06-30
,,,,,,,,,376433,2008-06-30
,,,,,,,,,376442,2008-06-30
,,,,,,,,,376657,2008-06-30
,,,,,,,,,376947,2008-06-30
,,,,,,,,,377663,2008-06-30
,,,,,,,,,377850,2008-06-30
,,,,,,,,,377908,2008-06-30
,,,,,,,,,378026,2008-06-30
,,,,,,,,,378044,2008-06-30
,,,,,,,,,378110,2008-06-30
,,,,,,,,,378259,2008-06-30
,,,,,,,,,378549,2008-06-30
,,,,,,,,,378558,2008-06-30
,,,,,,,,,378642,2008-06-30
,,,,,,,,,378651,2008-06-30
,,,,,,,,,378950,2008-06-30
,,,,,,,,,379050,2008-06-30
,,,,,,,,,379153,2008-06-30
,,,,,,,,,379359,2008-06-30
,,,,,,,,,379470,2008-06-30
,,,,,,,,,379649,2008-06-30
,,,,,,,,,379920,2008-06-30
,,,,,,,,,380346,2008-06-30
,,,,,,,,,380458,2008-06-30
,,,,,,,,,380533,2008-06-30
,,,,,,,,,380654,2008-06-30
,,,,,,,,,380841,2008-06-30
,,,,,,,,,380944,2008-06-30
,,,,,,,,,381026,2008-06-30
,,,,,,,,,381343,2008-06-30
,,,,,,,,,381754,2008-06-30
,,,,,,,,,381839,2008-06-30
,,,,,,,,,381950,2008-06-30
,,,,,,,,,382050,2008-06-30
,,,,,,,,,382069,2008-06-30
,,,,,,,,,382256,2008-06-30
,,,,,,,,,382443,2008-06-30
,,,,,,,,,382537,2008-06-30
,,,,,,,,,382649,2008-06-30
,,,,,,,,,382658,2008-06-30
,,,,,,,,,382667,2008-06-30
,,,,,,,,,382742,2008-06-30
,,,,,,,,,382854,2008-06-30
,,,,,,,,,383534,2008-06-30
,,,,,,,,,384018,2008-06-30
,,,,,,,,,384335,2008-06-30
,,,,,,,,,384353,2008-06-30
,,,,,,,,,384652,2008-06-30
,,,,,,,,,384830,2008-06-30
,,,,,,,,,385350,2008-06-30
,,,,,,,,,385547,2008-06-30
,,,,,,,,,385631,2008-06-30
,,,,,,,,,385976,2008-06-30
,,,,,,,,,386049,2008-06-30
,,,,,,,,,386142,2008-06-30
,,,,,,,,,386357,2008-06-30
,,,,,,,,,386432,2008-06-30
,,,,,,,,,386450,2008-06-30
,,,,,,,,,386731,2008-06-30
,,,,,,,,,386825,2008-06-30
,,,,,,,,,386852,2008-06-30
,,,,,,,,,387055,2008-06-30
,,,,,,,,,388155,2008-06-30
,,,,,,,,,388258,2008-06-30
,,,,,,,,,388557,2008-06-30
,,,,,,,,,388744,2008-06-30
,,,,,,,,,388753,2008-06-30
,,,,,,,,,388940,2008-06-30
,,,,,,,,,389059,2008-06-30
,,,,,,,,,389358,2008-06-30
,,,,,,,,,389826,2008-06-30
,,,,,,,,,390167,2008-06-30
,,,,,,,,,390336,2008-06-30
,,,,,,,,,390457,2008-06-30
,,,,,,,,,390840,2008-06-30
,,,,,,,,,391249,2008-06-30
,,,,,,,,,391418,2008-06-30
,,,,,,,,,391557,2008-06-30
,,,,,,,,,391838,2008-06-30
,,,,,,,,,391959,2008-06-30
,,,,,,,,,391977,2008-06-30
,,,,,,,,,392031,2008-06-30
,,,,,,,,,392152,2008-06-30
,,,,,,,,,392255,2008-06-30
,,,,,,,,,392778,2008-06-30
,,,,,,,,,393252,2008-06-30
,,,,,,,,,393355,2008-06-30
,,,,,,,,,393757,2008-06-30
,,,,,,,,,393850,2008-06-30
,,,,,,,,,393953,2008-06-30
,,,,,,,,,394053,2008-06-30
,,,,,,,,,394156,2008-06-30
,,,,,,,,,394259,2008-06-30
,,,,,,,,,394352,2008-06-30
,,,,,,,,,395238,2008-06-30
,,,,,,,,,395256,2008-06-30
,,,,,,,,,395779,2008-06-30
,,,,,,,,,395836,2008-06-30
,,,,,,,,,396057,2008-06-30
,,,,,,,,,396244,2008-06-30
,,,,,,,,,396253,2008-06-30
,,,,,,,,,396356,2008-06-30
,,,,,,,,,396954,2008-06-30
,,,,,,,,,397447,2008-06-30
,,,,,,,,,397456,2008-06-30
,,,,,,,,,397531,2008-06-30
,,,,,,,,,397540,2008-06-30
,,,,,,,,,397559,2008-06-30
,,,,,,,,,397755,2008-06-30
,,,,,,,,,397858,2008-06-30
,,,,,,,,,398051,2008-06-30
,,,,,,,,,398248,2008-06-30
,,,,,,,,,398350,2008-06-30
,,,,,,,,,398631,2008-06-30
,,,,,,,,,398668,2008-06-30
,,,,,,,,,398837,2008-06-30
,,,,,,,,,399357,2008-06-30
,,,,,,,,,399517,2008-06-30
,,,,,,,,,399731,2008-06-30
,,,,,,,,,400057,2008-06-30
,,,,,,,,,400141,2008-06-30
,,,,,,,,,400253,2008-06-30
,,,,,,,,,400365,2008-06-30
,,,,,,,,,400552,2008-06-30
,,,,,,,,,400758,2008-06-30
,,,,,,,,,400767,2008-06-30
,,,,,,,,,400945,2008-06-30
,,,,,,,,,401148,2008-06-30
,,,,,,,,,401447,2008-06-30
,,,,,,,,,401559,2008-06-30
,,,,,,,,,401755,2008-06-30
,,,,,,,,,401906,2008-06-30
,,,,,,,,,401951,2008-06-30
,,,,,,,,,402172,2008-06-30
,,,,,,,,,402462,2008-06-30
,,,,,,,,,402837,2008-06-30
,,,,,,,,,402846,2008-06-30
,,,,,,,,,403067,2008-06-30
,,,,,,,,,403106,2008-06-30
,,,,,,,,,403151,2008-06-30
,,,,,,,,,403254,2008-06-30
,,,,,,,,,403348,2008-06-30
,,,,,,,,,403357,2008-06-30
,,,,,,,,,403553,2008-06-30
,,,,,,,,,403656,2008-06-30
,,,,,,,,,403937,2008-06-30
,,,,,,,,,403946,2008-06-30
,,,,,,,,,404653,2008-06-30
,,,,,,,,,404774,2008-06-30
,,,,,,,,,404943,2008-06-30
,,,,,,,,,405641,2008-06-30
,,,,,,,,,405959,2008-06-30
,,,,,,,,,406022,2008-06-30
,,,,,,,,,406059,2008-06-30
,,,,,,,,,406666,2008-06-30
,,,,,,,,,406974,2008-06-30
,,,,,,,,,407168,2008-06-30
,,,,,,,,,407506,2008-06-30
,,,,,,,,,407645,2008-06-30
,,,,,,,,,407850,2008-06-30
,,,,,,,,,408147,2008-06-30
,,,,,,,,,408307,2008-06-30
,,,,,,,,,408473,2008-06-30
,,,,,,,,,408642,2008-06-30
,,,,,,,,,409265,2008-06-30
,,,,,,,,,409555,2008-06-30
,,,,,,,,,409649,2008-06-30
,,,,,,,,,410159,2008-06-30
,,,,,,,,,410560,2008-06-30
,,,,,,,,,410748,2008-06-30
,,,,,,,,,410917,2008-06-30
,,,,,,,,,410944,2008-06-30
,,,,,,,,,411053,2008-06-30
,,,,,,,,,411062,2008-06-30
,,,,,,,,,411231,2008-06-30
,,,,,,,,,411240,2008-06-30
,,,,,,,,,411464,2008-06-30
,,,,,,,,,411512,2008-06-30
,,,,,,,,,411549,2008-06-30
,,,,,,,,,411576,2008-06-30
,,,,,,,,,411624,2008-06-30
,,,,,,,,,411651,2008-06-30
,,,,,,,,,412135,2008-06-30
,,,,,,,,,412153,2008-06-30
,,,,,,,,,412452,2008-06-30
,,,,,,,,,412555,2008-06-30
,,,,,,,,,412667,2008-06-30
,,,,,,,,,412751,2008-06-30
,,,,,,,,,412845,2008-06-30
,,,,,,,,,413141,2008-06-30
,,,,,,,,,413208,2008-06-30
,,,,,,,,,413347,2008-06-30
,,,,,,,,,413543,2008-06-30
,,,,,,,,,413646,2008-06-30
,,,,,,,,,413730,2008-06-30
,,,,,,,,,413758,2008-06-30
,,,,,,,,,413851,2008-06-30
,,,,,,,,,414102,2008-06-30
,,,,,,,,,414652,2008-06-30
,,,,,,,,,414764,2008-06-30
,,,,,,,,,414858,2008-06-30
,,,,,,,,,415855,2008-06-30
,,,,,,,,,416245,2008-06-30
,,,,,,,,,416272,2008-06-30
,,,,,,,,,416339,2008-06-30
,,,,,,,,,416348,2008-06-30
,,,,,,,,,416357,2008-06-30
,,,,,,,,,416656,2008-06-30
,,,,,,,,,416674,2008-06-30
,,,,,,,,,417149,2008-06-30
,,,,,,,,,417251,2008-06-30
,,,,,,,,,417626,2008-06-30
,,,,,,,,,417710,2008-06-30
,,,,,,,,,417859,2008-06-30
,,,,,,,,,418100,2008-06-30
,,,,,,,,,418249,2008-06-30
,,,,,,,,,418342,2008-06-30
,,,,,,,,,418436,2008-06-30
,,,,,,,,,418856,2008-06-30
,,,,,,,,,419255,2008-06-30
,,,,,,,,,419406,2008-06-30
,,,,,,,,,419460,2008-06-30
,,,,,,,,,419675,2008-06-30
,,,,,,,,,419947,2008-06-30
,,,,,,,,,420457,2008-06-30
,,,,,,,,,420644,2008-06-30
,,,,,,,,,420653,2008-06-30
,,,,,,,,,420934,2008-06-30
,,,,,,,,,421155,2008-06-30
,,,,,,,,,421445,2008-06-30
,,,,,,,,,421539,2008-06-30
,,,,,,,,,422059,2008-06-30
,,,,,,,,,422116,2008-06-30
,,,,,,,,,422358,2008-06-30
,,,,,,,,,422433,2008-06-30
,,,,,,,,,422657,2008-06-30
,,,,,,,,,422750,2008-06-30
,,,,,,,,,423065,2008-06-30
,,,,,,,,,423074,2008-06-30
,,,,,,,,,423159,2008-06-30
,,,,,,,,,423449,2008-06-30
,,,,,,,,,423458,2008-06-30
,,,,,,,,,423636,2008-06-30
,,,,,,,,,423739,2008-06-30
,,,,,,,,,423841,2008-06-30
,,,,,,,,,424156,2008-06-30
,,,,,,,,,424240,2008-06-30
,,,,,,,,,424343,2008-06-30
,,,,,,,,,424352,2008-06-30
,,,,,,,,,424437,2008-06-30
,,,,,,,,,424633,2008-06-30
,,,,,,,,,425050,2008-06-30
,,,,,,,,,425108,2008-06-30
,,,,,,,,,425818,2008-06-30
,,,,,,,,,425845,2008-06-30
,,,,,,,,,425911,2008-06-30
,,,,,,,,,425957,2008-06-30
,,,,,,,,,425975,2008-06-30
,,,,,,,,,426057,2008-06-30
,,,,,,,,,426141,2008-06-30
,,,,,,,,,426347,2008-06-30
,,,,,,,,,426534,2008-06-30
,,,,,,,,,426758,2008-06-30
,,,,,,,,,426945,2008-06-30
,,,,,,,,,427241,2008-06-30
,,,,,,,,,427353,2008-06-30
,,,,,,,,,427456,2008-06-30
,,,,,,,,,427858,2008-06-30
,,,,,,,,,427960,2008-06-30
,,,,,,,,,428060,2008-06-30
,,,,,,,,,428462,2008-06-30
,,,,,,,,,428547,2008-06-30
,,,,,,,,,428631,2008-06-30
,,,,,,,,,428659,2008-06-30
,,,,,,,,,428855,2008-06-30
,,,,,,,,,428958,2008-06-30
,,,,,,,,,429021,2008-06-30
,,,,,,,,,429526,2008-06-30
,,,,,,,,,429759,2008-06-30
,,,,,,,,,430036,2008-06-30
,,,,,,,,,430054,2008-06-30
,,,,,,,,,430344,2008-06-30
,,,,,,,,,430670,2008-06-30
,,,,,,,,,430858,2008-06-30
,,,,,,,,,431172,2008-06-30
,,,,,,,,,431323,2008-06-30
,,,,,,,,,431350,2008-06-30
,,,,,,,,,431743,2008-06-30
,,,,,,,,,431846,2008-06-30
,,,,,,,,,431958,2008-06-30
,,,,,,,,,432012,2008-06-30
,,,,,,,,,432058,2008-06-30
,,,,,,,,,432432,2008-06-30
,,,,,,,,,433158,2008-06-30
,,,,,,,,,433354,2008-06-30
,,,,,,,,,433439,2008-06-30
,,,,,,,,,433505,2008-06-30
,,,,,,,,,433550,2008-06-30
,,,,,,,,,433608,2008-06-30
,,,,,,,,,433859,2008-06-30
,,,,,,,,,433943,2008-06-30
,,,,,,,,,434203,2008-06-30
,,,,,,,,,434539,2008-06-30
,,,,,,,,,435059,2008-06-30
,,,,,,,,,435152,2008-06-30
,,,,,,,,,435255,2008-06-30
,,,,,,,,,435349,2008-06-30
,,,,,,,,,435358,2008-06-30
,,,,,,,,,435666,2008-06-30
,,,,,,,,,435750,2008-06-30
,,,,,,,,,436131,2008-06-30
,,,,,,,,,436159,2008-06-30
,,,,,,,,,436252,2008-06-30
,,,,,,,,,436542,2008-06-30
,,,,,,,,,436711,2008-06-30
,,,,,,,,,436739,2008-06-30
,,,,,,,,,436823,2008-06-30
,,,,,,,,,436953,2008-06-30
,,,,,,,,,436971,2008-06-30
,,,,,,,,,437044,2008-06-30
,,,,,,,,,437053,2008-06-30
,,,,,,,,,437138,2008-06-30
,,,,,,,,,437455,2008-06-30
,,,,,,,,,437521,2008-06-30
,,,,,,,,,438050,2008-06-30
,,,,,,,,,438238,2008-06-30
,,,,,,,,,438434,2008-06-30
,,,,,,,,,439132,2008-06-30
,,,,,,,,,439338,2008-06-30
,,,,,,,,,439356,2008-06-30
,,,,,,,,,439404,2008-06-30
,,,,,,,,,439459,2008-06-30
,,,,,,,,,439730,2008-06-30
,,,,,,,,,439860,2008-06-30
,,,,,,,,,440110,2008-06-30
,,,,,,,,,440259,2008-06-30
,,,,,,,,,440446,2008-06-30
,,,,,,,,,440857,2008-06-30
,,,,,,,,,440875,2008-06-30
,,,,,,,,,441050,2008-06-30
,,,,,,,,,441078,2008-06-30
,,,,,,,,,441135,2008-06-30
,,,,,,,,,441256,2008-06-30
,,,,,,,,,441359,2008-06-30
,,,,,,,,,441434,2008-06-30
,,,,,,,,,441630,2008-06-30
,,,,,,,,,442039,2008-06-30
,,,,,,,,,442057,2008-06-30
,,,,,,,,,442244,2008-06-30
,,,,,,,,,442655,2008-06-30
,,,,,,,,,442749,2008-06-30
,,,,,,,,,442758,2008-06-30
,,,,,,,,,442776,2008-06-30
,,,,,,,,,442806,2008-06-30
,,,,,,,,,443148,2008-06-30
,,,,,,,,,443205,2008-06-30
,,,,,,,,,443353,2008-06-30
,,,,,,,,,443625,2008-06-30
,,,,,,,,,443634,2008-06-30
,,,,,,,,,444051,2008-06-30
,,,,,,,,,444350,2008-06-30
,,,,,,,,,444556,2008-06-30
,,,,,,,,,444677,2008-06-30
,,,,,,,,,444958,2008-06-30
,,,,,,,,,445843,2008-06-30
,,,,,,,,,445852,2008-06-30
,,,,,,,,,445955,2008-06-30
,,,,,,,,,446130,2008-06-30
,,,,,,,,,446149,2008-06-30
,,,,,,,,,446336,2008-06-30
,,,,,,,,,446877,2008-06-30
,,,,,,,,,447034,2008-06-30
,,,,,,,,,447070,2008-06-30
,,,,,,,,,447100,2008-06-30
,,,,,,,,,447342,2008-06-30
,,,,,,,,,447351,2008-06-30
,,,,,,,,,447557,2008-06-30
,,,,,,,,,447874,2008-06-30
,,,,,,,,,448040,2008-06-30
,,,,,,,,,448554,2008-06-30
,,,,,,,,,449038,2008-06-30
,,,,,,,,,449430,2008-06-30
,,,,,,,,,449832,2008-06-30
,,,,,,,,,449841,2008-06-30
,,,,,,,,,449850,2008-06-30
,,,,,,,,,449926,2008-06-30
,,,,,,,,,449953,2008-06-30
,,,,,,,,,450034,2008-06-30
,,,,,,,,,450632,2008-06-30
,,,,,,,,,450641,2008-06-30
,,,,,,,,,450650,2008-06-30
,,,,,,,,,450669,2008-06-30
,,,,,,,,,450753,2008-06-30
,,,,,,,,,450856,2008-06-30
,,,,,,,,,450959,2008-06-30
,,,,,,,,,451068,2008-06-30
,,,,,,,,,451246,2008-06-30
,,,,,,,,,451853,2008-06-30
,,,,,,,,,451965,2008-06-30
,,,,,,,,,452104,2008-06-30
,,,,,,,,,452159,2008-06-30
,,,,,,,,,452270,2008-06-30
,,,,,,,,,452739,2008-06-30
,,,,,,,,,452841,2008-06-30
,,,,,,,,,452850,2008-06-30
,,,,,,,,,453026,2008-06-30
,,,,,,,,,453147,2008-06-30
,,,,,,,,,453446,2008-06-30
,,,,,,,,,453839,2008-06-30
,,,,,,,,,454340,2008-06-30
,,,,,,,,,454434,2008-06-30
,,,,,,,,,454546,2008-06-30
,,,,,,,,,454658,2008-06-30
,,,,,,,,,454742,2008-06-30
,,,,,,,,,455150,2008-06-30
,,,,,,,,,455253,2008-06-30
,,,,,,,,,455459,2008-06-30
,,,,,,,,,455534,2008-06-30
,,,,,,,,,455552,2008-06-30
,,,,,,,,,455945,2008-06-30
,,,,,,,,,455972,2008-06-30
,,,,,,,,,456045,2008-06-30
,,,,,,,,,456054,2008-06-30
,,,,,,,,,456157,2008-06-30
,,,,,,,,,456250,2008-06-30
,,,,,,,,,456344,2008-06-30
,,,,,,,,,456447,2008-06-30
,,,,,,,,,456456,2008-06-30
,,,,,,,,,456474,2008-06-30
,,,,,,,,,456755,2008-06-30
,,,,,,,,,456960,2008-06-30
,,,,,,,,,457060,2008-06-30
,,,,,,,,,457220,2008-06-30
,,,,,,,,,457426,2008-06-30
,,,,,,,,,457547,2008-06-30
,,,,,,,,,457659,2008-06-30
,,,,,,,,,457752,2008-06-30
,,,,,,,,,458049,2008-06-30
,,,,,,,,,458142,2008-06-30
,,,,,,,,,458544,2008-06-30
,,,,,,,,,458553,2008-06-30
,,,,,,,,,458665,2008-06-30
,,,,,,,,,458946,2008-06-30
,,,,,,,,,459046,2008-06-30
,,,,,,,,,459130,2008-06-30
,,,,,,,,,459354,2008-06-30
,,,,,,,,,459372,2008-06-30
,,,,,,,,,459448,2008-06-30
,,,,,,,,,459644,2008-06-30
,,,,,,,,,459671,2008-06-30
,,,,,,,,,460033,2008-06-30
,,,,,,,,,460332,2008-06-30
,,,,,,,,,460341,2008-06-30
,,,,,,,,,460350,2008-06-30
,,,,,,,,,460556,2008-06-30
,,,,,,,,,460770,2008-06-30
,,,,,,,,,461058,2008-06-30
,,,,,,,,,462756,2008-06-30
,,,,,,,,,463203,2008-06-30
,,,,,,,,,463342,2008-06-30
,,,,,,,,,463605,2008-06-30
,,,,,,,,,463650,2008-06-30
,,,,,,,,,463735,2008-06-30
,,,,,,,,,464255,2008-06-30
,,,,,,,,,464536,2008-06-30
,,,,,,,,,464750,2008-06-30
,,,,,,,,,464853,2008-06-30
,,,,,,,,,464956,2008-06-30
,,,,,,,,,465038,2008-06-30
,,,,,,,,,465243,2008-06-30
,,,,,,,,,465337,2008-06-30
,,,,,,,,,465524,2008-06-30
,,,,,,,,,465618,2008-06-30
,,,,,,,,,465672,2008-06-30
,,,,,,,,,465850,2008-06-30
,,,,,,,,,466044,2008-06-30
,,,,,,,,,466240,2008-06-30
,,,,,,,,,466549,2008-06-30
,,,,,,,,,466642,2008-06-30
,,,,,,,,,466754,2008-06-30
,,,,,,,,,466857,2008-06-30
,,,,,,,,,466932,2008-06-30
,,,,,,,,,467144,2008-06-30
,,,,,,,,,467265,2008-06-30
,,,,,,,,,467658,2008-06-30
,,,,,,,,,467733,2008-06-30
,,,,,,,,,467957,2008-06-30
,,,,,,,,,468673,2008-06-30
,,,,,,,,,468806,2008-06-30
,,,,,,,,,468954,2008-06-30
,,,,,,,,,469250,2008-06-30
,,,,,,,,,469362,2008-06-30
,,,,,,,,,469559,2008-06-30
,,,,,,,,,469737,2008-06-30
,,,,,,,,,470032,2008-06-30
,,,,,,,,,470050,2008-06-30
,,,,,,,,,470434,2008-06-30
,,,,,,,,,470452,2008-06-30
,,,,,,,,,470724,2008-06-30
,,,,,,,,,470836,2008-06-30
,,,,,,,,,471057,2008-06-30
,,,,,,,,,471217,2008-06-30
,,,,,,,,,471749,2008-06-30
,,,,,,,,,472018,2008-06-30
,,,,,,,,,472045,2008-06-30
,,,,,,,,,472148,2008-06-30
,,,,,,,,,472250,2008-06-30
,,,,,,,,,472335,2008-06-30
,,,,,,,,,472353,2008-06-30
,,,,,,,,,472531,2008-06-30
,,,,,,,,,472616,2008-06-30
,,,,,,,,,472643,2008-06-30
,,,,,,,,,472652,2008-06-30
,,,,,,,,,472858,2008-06-30
,,,,,,,,,472951,2008-06-30
,,,,,,,,,472979,2008-06-30
,,,,,,,,,473042,2008-06-30
,,,,,,,,,473257,2008-06-30
,,,,,,,,,473266,2008-06-30
,,,,,,,,,473341,2008-06-30
,,,,,,,,,473501,2008-06-30
,,,,,,,,,473930,2008-06-30
,,,,,,,,,474058,2008-06-30
,,,,,,,,,474245,2008-06-30
,,,,,,,,,474254,2008-06-30
,,,,,,,,,474357,2008-06-30
,,,,,,,,,474450,2008-06-30
,,,,,,,,,474544,2008-06-30
,,,,,,,,,474656,2008-06-30
,,,,,,,,,474759,2008-06-30
,,,,,,,,,474825,2008-06-30
,,,,,,,,,474919,2008-06-30
,,,,,,,,,475046,2008-06-30
,,,,,,,,,475215,2008-06-30
,,,,,,,,,475345,2008-06-30
,,,,,,,,,475354,2008-06-30
,,,,,,,,,475363,2008-06-30
,,,,,,,,,475550,2008-06-30
,,,,,,,,,475653,2008-06-30
,,,,,,,,,475756,2008-06-30
,,,,,,,,,476070,2008-06-30
,,,,,,,,,476276,2008-06-30
,,,,,,,,,476342,2008-06-30
,,,,,,,,,476445,2008-06-30
,,,,,,,,,476454,2008-06-30
,,,,,,,,,476539,2008-06-30
,,,,,,,,,476810,2008-06-30
,,,,,,,,,476968,2008-06-30
,,,,,,,,,477059,2008-06-30
,,,,,,,,,477303,2008-06-30
,,,,,,,,,477321,2008-06-30
,,,,,,,,,477349,2008-06-30
,,,,,,,,,477376,2008-06-30
,,,,,,,,,477639,2008-06-30
,,,,,,,,,477648,2008-06-30
,,,,,,,,,477657,2008-06-30
,,,,,,,,,477844,2008-06-30
,,,,,,,,,478140,2008-06-30
,,,,,,,,,478195,2008-06-30
,,,,,,,,,478252,2008-06-30
,,,,,,,,,478430,2008-06-30
,,,,,,,,,478449,2008-06-30
,,,,,,,,,478533,2008-06-30
,,,,,,,,,478766,2008-06-30
,,,,,,,,,478944,2008-06-30
,,,,,,,,,479053,2008-06-30
,,,,,,,,,479071,2008-06-30
,,,,,,,,,479268,2008-06-30
,,,,,,,,,479446,2008-06-30
,,,,,,,,,479567,2008-06-30
,,,,,,,,,479754,2008-06-30
,,,,,,,,,479839,2008-06-30
,,,,,,,,,479914,2008-06-30
,,,,,,,,,480059,2008-06-30
,,,,,,,,,480228,2008-06-30
,,,,,,,,,480246,2008-06-30
,,,,,,,,,480330,2008-06-30
,,,,,,,,,480433,2008-06-30
,,,,,,,,,480723,2008-06-30
,,,,,,,,,480750,2008-06-30
,,,,,,,,,480817,2008-06-30
,,,,,,,,,480853,2008-06-30
,,,,,,,,,481140,2008-06-30
,,,,,,,,,481159,2008-06-30
,,,,,,,,,481177,2008-06-30
,,,,,,,,,481225,2008-06-30
,,,,,,,,,481355,2008-06-30
,,,,,,,,,481430,2008-06-30
,,,,,,,,,481542,2008-06-30
,,,,,,,,,481627,2008-06-30
,,,,,,,,,481748,2008-06-30
,,,,,,,,,481878,2008-06-30
,,,,,,,,,481944,2008-06-30
,,,,,,,,,482053,2008-06-30
,,,,,,,,,482156,2008-06-30
,,,,,,,,,482370,2008-06-30
,,,,,,,,,482446,2008-06-30
,,,,,,,,,483032,2008-06-30
,,,,,,,,,483274,2008-06-30
,,,,,,,,,483537,2008-06-30
,,,,,,,,,483751,2008-06-30
,,,,,,,,,484057,2008-06-30
,,,,,,,,,484141,2008-06-30
,,,,,,,,,484422,2008-06-30
,,,,,,,,,484927,2008-06-30
,,,,,,,,,485054,2008-06-30
,,,,,,,,,485139,2008-06-30
,,,,,,,,,485214,2008-06-30
,,,,,,,,,485353,2008-06-30
,,,,,,,,,485456,2008-06-30
,,,,,,,,,485559,2008-06-30
,,,,,,,,,485652,2008-06-30
,,,,,,,,,486248,2008-06-30
,,,,,,,,,486752,2008-06-30
,,,,,,,,,486837,2008-06-30
,,,,,,,,,487142,2008-06-30
,,,,,,,,,487236,2008-06-30
,,,,,,,,,487357,2008-06-30
,,,,,,,,,487843,2008-06-30
,,,,,,,,,488055,2008-06-30
,,,,,,,,,488167,2008-06-30
,,,,,,,,,488318,2008-06-30
,,,,,,,,,488420,2008-06-30
,,,,,,,,,488439,2008-06-30
,,,,,,,,,488653,2008-06-30
,,,,,,,,,488756,2008-06-30
,,,,,,,,,489016,2008-06-30
,,,,,,,,,489155,2008-06-30
,,,,,,,,,489249,2008-06-30
,,,,,,,,,489548,2008-06-30
,,,,,,,,,489623,2008-06-30
,,,,,,,,,489641,2008-06-30
,,,,,,,,,489735,2008-06-30
,,,,,,,,,489913,2008-06-30
,,,,,,,,,490179,2008-06-30
,,,,,,,,,490348,2008-06-30
,,,,,,,,,490450,2008-06-30
,,,,,,,,,490535,2008-06-30
,,,,,,,,,490544,2008-06-30
,,,,,,,,,490843,2008-06-30
,,,,,,,,,490937,2008-06-30
,,,,,,,,,490955,2008-06-30
,,,,,,,,,491224,2008-06-30
,,,,,,,,,491251,2008-06-30
,,,,,,,,,491402,2008-06-30
,,,,,,,,,491653,2008-06-30
,,,,,,,,,491774,2008-06-30
,,,,,,,,,491822,2008-06-30
,,,,,,,,,491934,2008-06-30
,,,,,,,,,492650,2008-06-30
,,,,,,,,,492810,2008-06-30
,,,,,,,,,493013,2008-06-30
,,,,,,,,,493077,2008-06-30
,,,,,,,,,493143,2008-06-30
,,,,,,,,,493152,2008-06-30
,,,,,,,,,493741,2008-06-30
,,,,,,,,,493844,2008-06-30
,,,,,,,,,494168,2008-06-30
,,,,,,,,,494261,2008-06-30
,,,,,,,,,494654,2008-06-30
,,,,,,,,,495044,2008-06-30
,,,,,,,,,495277,2008-06-30
,,,,,,,,,495352,2008-06-30
,,,,,,,,,495419,2008-06-30
,,,,,,,,,495558,2008-06-30
,,,,,,,,,495857,2008-06-30
,,,,,,,,,496434,2008-06-30
,,,,,,,,,496845,2008-06-30
,,,,,,,,,496957,2008-06-30
,,,,,,,,,497039,2008-06-30
,,,,,,,,,497404,2008-06-30
,,,,,,,,,497655,2008-06-30
,,,,,,,,,497851,2008-06-30
,,,,,,,,,497954,2008-06-30
,,,,,,,,,497972,2008-06-30
,,,,,,,,,498148,2008-06-30
,,,,,,,,,498317,2008-06-30
,,,,,,,,,498362,2008-06-30
,,,,,,,,,498456,2008-06-30
,,,,,,,,,498531,2008-06-30
,,,,,,,,,498625,2008-06-30
,,,,,,,,,498746,2008-06-30
,,,,,,,,,498942,2008-06-30
,,,,,,,,,499154,2008-06-30
,,,,,,,,,499239,2008-06-30
,,,,,,,,,499453,2008-06-30
,,,,,,,,,499501,2008-06-30
,,,,,,,,,499538,2008-06-30
,,,,,,,,,499743,2008-06-30
,,,,,,,,,499752,2008-06-30
,,,,,,,,,499855,2008-06-30
,,,,,,,,,500050,2008-06-30
,,,,,,,,,500256,2008-06-30
,,,,,,,,,500658,2008-06-30
,,,,,,,,,501039,2008-06-30
,,,,,,,,,501105,2008-06-30
,,,,,,,,,501132,2008-06-30
,,,,,,,,,501459,2008-06-30
,,,,,,,,,501655,2008-06-30
,,,,,,,,,501758,2008-06-30
,,,,,,,,,501767,2008-06-30
,,,,,,,,,501815,2008-06-30
,,,,,,,,,502111,2008-06-30
,,,,,,,,,502353,2008-06-30
,,,,,,,,,502447,2008-06-30
,,,,,,,,,502559,2008-06-30
,,,,,,,,,502652,2008-06-30
,,,,,,,,,502746,2008-06-30
,,,,,,,,,502849,2008-06-30
,,,,,,,,,503453,2008-06-30
,,,,,,,,,503547,2008-06-30
,,,,,,,,,503640,2008-06-30
,,,,,,,,,504142,2008-06-30
,,,,,,,,,504311,2008-06-30
,,,,,,,,,504535,2008-06-30
,,,,,,,,,504647,2008-06-30
,,,,,,,,,504713,2008-06-30
,,,,,,,,,505242,2008-06-30
,,,,,,,,,505550,2008-06-30
,,,,,,,,,505831,2008-06-30
,,,,,,,,,505916,2008-06-30
,,,,,,,,,506052,2008-06-30
,,,,,,,,,506249,2008-06-30
,,,,,,,,,506838,2008-06-30
,,,,,,,,,506922,2008-06-30
,,,,,,,,,507068,2008-06-30
,,,,,,,,,507152,2008-06-30
,,,,,,,,,507330,2008-06-30
,,,,,,,,,507349,2008-06-30
,,,,,,,,,507509,2008-06-30
,,,,,,,,,508270,2008-06-30
,,,,,,,,,508346,2008-06-30
,,,,,,,,,508355,2008-06-30
,,,,,,,,,508841,2008-06-30
,,,,,,,,,508878,2008-06-30
,,,,,,,,,509138,2008-06-30
,,,,,,,,,509231,2008-06-30
,,,,,,,,,509400,2008-06-30
,,,,,,,,,509642,2008-06-30
,,,,,,,,,509811,2008-06-30
,,,,,,,,,509857,2008-06-30
,,,,,,,,,509950,2008-06-30
,,,,,,,,,510330,2008-06-30
,,,,,,,,,510648,2008-06-30
,,,,,,,,,510871,2008-06-30
,,,,,,,,,510938,2008-06-30
,,,,,,,,,510947,2008-06-30
,,,,,,,,,511618,2008-06-30
,,,,,,,,,511832,2008-06-30
,,,,,,,,,512839,2008-06-30
,,,,,,,,,513050,2008-06-30
,,,,,,,,,513256,2008-06-30
,,,,,,,,,513322,2008-06-30
,,,,,,,,,513340,2008-06-30
,,,,,,,,,513546,2008-06-30
,,,,,,,,,513854,2008-06-30
,,,,,,,,,513920,2008-06-30
,,,,,,,,,513957,2008-06-30
,,,,,,,,,514048,2008-06-30
,,,,,,,,,514057,2008-06-30
,,,,,,,,,514066,2008-06-30
,,,,,,,,,514132,2008-06-30
,,,,,,,,,514253,2008-06-30
,,,,,,,,,514356,2008-06-30
,,,,,,,,,514440,2008-06-30
,,,,,,,,,514655,2008-06-30
,,,,,,,,,514936,2008-06-30
,,,,,,,,,515054,2008-06-30
,,,,,,,,,515250,2008-06-30
,,,,,,,,,515353,2008-06-30
,,,,,,,,,516154,2008-06-30
,,,,,,,,,516855,2008-06-30
,,,,,,,,,517049,2008-06-30
,,,,,,,,,517357,2008-06-30
,,,,,,,,,517423,2008-06-30
,,,,,,,,,517441,2008-06-30
,,,,,,,,,517834,2008-06-30
,,,,,,,,,518037,2008-06-30
,,,,,,,,,518354,2008-06-30
,,,,,,,,,518877,2008-06-30
,,,,,,,,,518952,2008-06-30
,,,,,,,,,519146,2008-06-30
,,,,,,,,,519267,2008-06-30
,,,,,,,,,519360,2008-06-30
,,,,,,,,,519445,2008-06-30
,,,,,,,,,519874,2008-06-30
,,,,,,,,,520003,2008-06-30
,,,,,,,,,520423,2008-06-30
,,,,,,,,,520777,2008-06-30
,,,,,,,,,521064,2008-06-30
,,,,,,,,,521158,2008-06-30
,,,,,,,,,521251,2008-06-30
,,,,,,,,,521608,2008-06-30
,,,,,,,,,521756,2008-06-30
,,,,,,,,,521804,2008-06-30
,,,,,,,,,521952,2008-06-30
,,,,,,,,,522034,2008-06-30
,,,,,,,,,522043,2008-06-30
,,,,,,,,,522454,2008-06-30
,,,,,,,,,522605,2008-06-30
,,,,,,,,,522669,2008-06-30
,,,,,,,,,522753,2008-06-30
,,,,,,,,,522847,2008-06-30
,,,,,,,,,522856,2008-06-30
,,,,,,,,,522959,2008-06-30
,,,,,,,,,523152,2008-06-30
,,,,,,,,,523161,2008-06-30
,,,,,,,,,523648,2008-06-30
,,,,,,,,,523974,2008-06-30
,,,,,,,,,524579,2008-06-30
,,,,,,,,,524757,2008-06-30
,,,,,,,,,524766,2008-06-30
,,,,,,,,,524953,2008-06-30
,,,,,,,,,525053,2008-06-30
,,,,,,,,,525156,2008-06-30
,,,,,,,,,525352,2008-06-30
,,,,,,,,,525446,2008-06-30
,,,,,,,,,525455,2008-06-30
,,,,,,,,,525549,2008-06-30
,,,,,,,,,525950,2008-06-30
,,,,,,,,,526452,2008-06-30
,,,,,,,,,526519,2008-06-30
,,,,,,,,,526751,2008-06-30
,,,,,,,,,526854,2008-06-30
,,,,,,,,,527057,2008-06-30
,,,,,,,,,527507,2008-06-30
,,,,,,,,,527600,2008-06-30
,,,,,,,,,527749,2008-06-30
,,,,,,,,,527954,2008-06-30
,,,,,,,,,528102,2008-06-30
,,,,,,,,,528241,2008-06-30
,,,,,,,,,528568,2008-06-30
,,,,,,,,,528616,2008-06-30
,,,,,,,,,528746,2008-06-30
,,,,,,,,,528849,2008-06-30
,,,,,,,,,528858,2008-06-30
,,,,,,,,,528960,2008-06-30
,,,,,,,,,529172,2008-06-30
,,,,,,,,,529341,2008-06-30
,,,,,,,,,529659,2008-06-30
,,,,,,,,,529846,2008-06-30
,,,,,,,,,529855,2008-06-30
,,,,,,,,,529958,2008-06-30
,,,,,,,,,530655,2008-06-30
,,,,,,,,,530703,2008-06-30
,,,,,,,,,530851,2008-06-30
,,,,,,,,,530954,2008-06-30
,,,,,,,,,531157,2008-06-30
,,,,,,,,,531250,2008-06-30
,,,,,,,,,532042,2008-06-30
,,,,,,,,,532453,2008-06-30
,,,,,,,,,532752,2008-06-30
,,,,,,,,,533124,2008-06-30
,,,,,,,,,533227,2008-06-30
,,,,,,,,,533535,2008-06-30
,,,,,,,,,533740,2008-06-30
,,,,,,,,,533759,2008-06-30
,,,,,,,,,533852,2008-06-30
,,,,,,,,,533928,2008-06-30
,,,,,,,,,533937,2008-06-30
,,,,,,,,,534055,2008-06-30
,,,,,,,,,534242,2008-06-30
,,,,,,,,,534345,2008-06-30
,,,,,,,,,534466,2008-06-30
,,,,,,,,,534653,2008-06-30
,,,,,,,,,534756,2008-06-30
,,,,,,,,,534859,2008-06-30
,,,,,,,,,534877,2008-06-30
,,,,,,,,,535034,2008-06-30
,,,,,,,,,535258,2008-06-30
,,,,,,,,,535463,2008-06-30
,,,,,,,,,535641,2008-06-30
,,,,,,,,,535753,2008-06-30
,,,,,,,,,535856,2008-06-30
,,,,,,,,,535931,2008-06-30
,,,,,,,,,535940,2008-06-30
,,,,,,,,,536059,2008-06-30
,,,,,,,,,536349,2008-06-30
,,,,,,,,,536479,2008-06-30
,,,,,,,,,536527,2008-06-30
,,,,,,,,,536554,2008-06-30
,,,,,,,,,536853,2008-06-30
,,,,,,,,,537038,2008-06-30
,,,,,,,,,537243,2008-06-30
,,,,,,,,,537355,2008-06-30
,,,,,,,,,537449,2008-06-30
,,,,,,,,,537551,2008-06-30
,,,,,,,,,537560,2008-06-30
,,,,,,,,,538222,2008-06-30
,,,,,,,,,538240,2008-06-30
,,,,,,,,,538352,2008-06-30
,,,,,,,,,538754,2008-06-30
,,,,,,,,,538802,2008-06-30
,,,,,,,,,538950,2008-06-30
,,,,,,,,,539032,2008-06-30
,,,,,,,,,539340,2008-06-30
,,,,,,,,,539452,2008-06-30
,,,,,,,,,539667,2008-06-30
,,,,,,,,,539872,2008-06-30
,,,,,,,,,539939,2008-06-30
,,,,,,,,,540056,2008-06-30
,,,,,,,,,540542,2008-06-30
,,,,,,,,,540551,2008-06-30
,,,,,,,,,540739,2008-06-30
,,,,,,,,,540850,2008-06-30
,,,,,,,,,540926,2008-06-30
,,,,,,,,,541035,2008-06-30
,,,,,,,,,541101,2008-06-30
,,,,,,,,,541231,2008-06-30
,,,,,,,,,541437,2008-06-30
,,,,,,,,,541642,2008-06-30
,,,,,,,,,541754,2008-06-30
,,,,,,,,,541857,2008-06-30
,,,,,,,,,542153,2008-06-30
,,,,,,,,,542340,2008-06-30
,,,,,,,,,542528,2008-06-30
,,,,,,,,,542537,2008-06-30
,,,,,,,,,542649,2008-06-30
,,,,,,,,,542667,2008-06-30
,,,,,,,,,542854,2008-06-30
,,,,,,,,,543253,2008-06-30
,,,,,,,,,543262,2008-06-30
,,,,,,,,,543459,2008-06-30
,,,,,,,,,543945,2008-06-30
,,,,,,,,,544335,2008-06-30
,,,,,,,,,544447,2008-06-30
,,,,,,,,,544652,2008-06-30
,,,,,,,,,544951,2008-06-30
,,,,,,,,,545042,2008-06-30
,,,,,,,,,545154,2008-06-30
,,,,,,,,,545604,2008-06-30
,,,,,,,,,545846,2008-06-30
,,,,,,,,,546003,2008-06-30
,,,,,,,,,546320,2008-06-30
,,,,,,,,,546432,2008-06-30
,,,,,,,,,546535,2008-06-30
,,,,,,,,,546544,2008-06-30
,,,,,,,,,546647,2008-06-30
,,,,,,,,,547251,2008-06-30
,,,,,,,,,547279,2008-06-30
,,,,,,,,,547550,2008-06-30
,,,,,,,,,547840,2008-06-30
,,,,,,,,,548052,2008-06-30
,,,,,,,,,548203,2008-06-30
,,,,,,,,,548267,2008-06-30
,,,,,,,,,548351,2008-06-30
,,,,,,,,,548641,2008-06-30
,,,,,,,,,548771,2008-06-30
,,,,,,,,,548829,2008-06-30
,,,,,,,,,548838,2008-06-30
,,,,,,,,,548856,2008-06-30
,,,,,,,,,549358,2008-06-30
,,,,,,,,,549545,2008-06-30
,,,,,,,,,549862,2008-06-30
,,,,,,,,,550327,2008-06-30
,,,,,,,,,550354,2008-06-30
,,,,,,,,,550448,2008-06-30
,,,,,,,,,550653,2008-06-30
,,,,,,,,,550756,2008-06-30
,,,,,,,,,550952,2008-06-30
,,,,,,,,,551016,2008-06-30
,,,,,,,,,551315,2008-06-30
,,,,,,,,,551557,2008-06-30
,,,,,,,,,551904,2008-06-30
,,,,,,,,,552059,2008-06-30
,,,,,,,,,552161,2008-06-30
,,,,,,,,,552451,2008-06-30
,,,,,,,,,552545,2008-06-30
,,,,,,,,,552657,2008-06-30
,,,,,,,,,552732,2008-06-30
,,,,,,,,,552956,2008-06-30
,,,,,,,,,552974,2008-06-30
,,,,,,,,,553038,2008-06-30
,,,,,,,,,553766,2008-06-30
,,,,,,,,,553926,2008-06-30
,,,,,,,,,553944,2008-06-30
,,,,,,,,,554268,2008-06-30
,,,,,,,,,554343,2008-06-30
,,,,,,,,,554745,2008-06-30
,,,,,,,,,554848,2008-06-30
,,,,,,,,,554857,2008-06-30
,,,,,,,,,554941,2008-06-30
,,,,,,,,,555005,2008-06-30
,,,,,,,,,555238,2008-06-30
,,,,,,,,,555256,2008-06-30
,,,,,,,,,555658,2008-06-30
,,,,,,,,,556011,2008-06-30
,,,,,,,,,556459,2008-06-30
,,,,,,,,,556815,2008-06-30
,,,,,,,,,556936,2008-06-30
,,,,,,,,,557317,2008-06-30
,,,,,,,,,557438,2008-06-30
,,,,,,,,,557858,2008-06-30
,,,,,,,,,557933,2008-06-30
,,,,,,,,,558257,2008-06-30
,,,,,,,,,558462,2008-06-30
,,,,,,,,,559553,2008-06-30
,,,,,,,,,559777,2008-06-30
,,,,,,,,,560214,2008-06-30
,,,,,,,,,560353,2008-06-30
,,,,,,,,,560438,2008-06-30
,,,,,,,,,560830,2008-06-30
,,,,,,,,,561145,2008-06-30
,,,,,,,,,561239,2008-06-30
,,,,,,,,,561574,2008-06-30
,,,,,,,,,561659,2008-06-30
,,,,,,,,,561864,2008-06-30
,,,,,,,,,562058,2008-06-30
,,,,,,,,,562553,2008-06-30
,,,,,,,,,563233,2008-06-30
,,,,,,,,,563336,2008-06-30
,,,,,,,,,563457,2008-06-30
,,,,,,,,,563756,2008-06-30
,,,,,,,,,563774,2008-06-30
,,,,,,,,,563934,2008-06-30
,,,,,,,,,564052,2008-06-30
,,,,,,,,,564155,2008-06-30
,,,,,,,,,564324,2008-06-30
,,,,,,,,,564463,2008-06-30
,,,,,,,,,564557,2008-06-30
,,,,,,,,,564678,2008-06-30
,,,,,,,,,564838,2008-06-30
,,,,,,,,,564856,2008-06-30
,,,,,,,,,565143,2008-06-30
,,,,,,,,,565152,2008-06-30
,,,,,,,,,565536,2008-06-30
,,,,,,,,,565750,2008-06-30
,,,,,,,,,565844,2008-06-30
,,,,,,,,,566056,2008-06-30
,,,,,,,,,566243,2008-06-30
,,,,,,,,,566458,2008-06-30
,,,,,,,,,566551,2008-06-30
,,,,,,,,,566953,2008-06-30
,,,,,,,,,567231,2008-06-30
,,,,,,,,,567240,2008-06-30
,,,,,,,,,567736,2008-06-30
,,,,,,,,,567754,2008-06-30
,,,,,,,,,567905,2008-06-30
,,,,,,,,,568126,2008-06-30
,,,,,,,,,568135,2008-06-30
,,,,,,,,,568144,2008-06-30
,,,,,,,,,568238,2008-06-30
,,,,,,,,,568359,2008-06-30
,,,,,,,,,568443,2008-06-30
,,,,,,,,,568470,2008-06-30
,,,,,,,,,568751,2008-06-30
,,,,,,,,,568854,2008-06-30
,,,,,,,,,568939,2008-06-30
,,,,,,,,,569253,2008-06-30
,,,,,,,,,569422,2008-06-30
,,,,,,,,,569534,2008-06-30
,,,,,,,,,570231,2008-06-30
,,,,,,,,,570558,2008-06-30
,,,,,,,,,570651,2008-06-30
,,,,,,,,,570745,2008-06-30
,,,,,,,,,571135,2008-06-30
,,,,,,,,,571153,2008-06-30
,,,,,,,,,571265,2008-06-30
,,,,,,,,,571443,2008-06-30
,,,,,,,,,571920,2008-06-30
,,,,,,,,,571957,2008-06-30
,,,,,,,,,572338,2008-06-30
,,,,,,,,,572347,2008-06-30
,,,,,,,,,572374,2008-06-30
,,,,,,,,,572459,2008-06-30
,,,,,,,,,572655,2008-06-30
,,,,,,,,,572776,2008-06-30
,,,,,,,,,573036,2008-06-30
,,,,,,,,,573335,2008-06-30
,,,,,,,,,573559,2008-06-30
,,,,,,,,,574051,2008-06-30
,,,,,,,,,574471,2008-06-30
,,,,,,,,,574556,2008-06-30
,,,,,,,,,574949,2008-06-30
,,,,,,,,,574976,2008-06-30
,,,,,,,,,575133,2008-06-30
,,,,,,,,,575254,2008-06-30
,,,,,,,,,575348,2008-06-30
,,,,,,,,,575375,2008-06-30
,,,,,,,,,575647,2008-06-30
,,,,,,,,,575656,2008-06-30
,,,,,,,,,575759,2008-06-30
,,,,,,,,,575834,2008-06-30
,,,,,,,,,575955,2008-06-30
,,,,,,,,,576037,2008-06-30
,,,,,,,,,576130,2008-06-30
,,,,,,,,,576354,2008-06-30
,,,,,,,,,576541,2008-06-30
,,,,,,,,,576608,2008-06-30
,,,,,,,,,576644,2008-06-30
,,,,,,,,,576653,2008-06-30
,,,,,,,,,576952,2008-06-30
,,,,,,,,,577128,2008-06-30
,,,,,,,,,577137,2008-06-30
,,,,,,,,,577230,2008-06-30
,,,,,,,,,577472,2008-06-30
,,,,,,,,,578116,2008-06-30
,,,,,,,,,578237,2008-06-30
,,,,,,,,,578255,2008-06-30
,,,,,,,,,578554,2008-06-30
,,,,,,,,,578741,2008-06-30
,,,,,,,,,578862,2008-06-30
,,,,,,,,,579140,2008-06-30
,,,,,,,,,579319,2008-06-30
,,,,,,,,,579364,2008-06-30
,,,,,,,,,579636,2008-06-30
,,,,,,,,,580155,2008-06-30
,,,,,,,,,580548,2008-06-30
,,,,,,,,,580623,2008-06-30
,,,,,,,,,580726,2008-06-30
,,,,,,,,,580847,2008-06-30
,,,,,,,,,581237,2008-06-30
,,,,,,,,,581358,2008-06-30
,,,,,,,,,582177,2008-06-30
,,,,,,,,,582654,2008-06-30
,,,,,,,,,582766,2008-06-30
,,,,,,,,,582953,2008-06-30
,,,,,,,,,583138,2008-06-30
,,,,,,,,,583268,2008-06-30
,,,,,,,,,583352,2008-06-30
,,,,,,,,,583745,2008-06-30
,,,,,,,,,583754,2008-06-30
,,,,,,,,,583905,2008-06-30
,,,,,,,,,584377,2008-06-30
,,,,,,,,,584724,2008-06-30
,,,,,,,,,584920,2008-06-30
,,,,,,,,,585235,2008-06-30
,,,,,,,,,585749,2008-06-30
,,,,,,,,,586027,2008-06-30
,,,,,,,,,586241,2008-06-30
,,,,,,,,,586335,2008-06-30
,,,,,,,,,586858,2008-06-30
,,,,,,,,,586960,2008-06-30
,,,,,,,,,587350,2008-06-30
,,,,,,,,,587574,2008-06-30
,,,,,,,,,587677,2008-06-30
,,,,,,,,,587743,2008-06-30
,,,,,,,,,587752,2008-06-30
,,,,,,,,,587800,2008-06-30
,,,,,,,,,588058,2008-06-30
,,,,,,,,,588245,2008-06-30
,,,,,,,,,588348,2008-06-30
,,,,,,,,,588441,2008-06-30
,,,,,,,,,588553,2008-06-30
,,,,,,,,,589158,2008-06-30
,,,,,,,,,589439,2008-06-30
,,,,,,,,,589523,2008-06-30
,,,,,,,,,589943,2008-06-30
,,,,,,,,,590145,2008-06-30
,,,,,,,,,590220,2008-06-30
,,,,,,,,,590248,2008-06-30
,,,,,,,,,590640,2008-06-30
,,,,,,,,,590855,2008-06-30
,,,,,,,,,590949,2008-06-30
,,,,,,,,,591209,2008-06-30
,,,,,,,,,591320,2008-06-30
,,,,,,,,,591357,2008-06-30
,,,,,,,,,591366,2008-06-30
,,,,,,,,,591740,2008-06-30
,,,,,,,,,591825,2008-06-30
,,,,,,,,,591852,2008-06-30
,,,,,,,,,591937,2008-06-30
,,,,,,,,,592439,2008-06-30
,,,,,,,,,592448,2008-06-30
,,,,,,,,,592550,2008-06-30
,,,,,,,,,592644,2008-06-30
,,,,,,,,,592859,2008-06-30
,,,,,,,,,593007,2008-06-30
,,,,,,,,,593052,2008-06-30
,,,,,,,,,593249,2008-06-30
,,,,,,,,,593333,2008-06-30
,,,,,,,,,593351,2008-06-30
,,,,,,,,,593753,2008-06-30
,,,,,,,,,593771,2008-06-30
,,,,,,,,,593865,2008-06-30
,,,,,,,,,593940,2008-06-30
,,,,,,,,,593977,2008-06-30
,,,,,,,,,594433,2008-06-30
,,,,,,,,,594451,2008-06-30
,,,,,,,,,594853,2008-06-30
,,,,,,,,,594938,2008-06-30
,,,,,,,,,594947,2008-06-30
,,,,,,,,,595038,2008-06-30
,,,,,,,,,595337,2008-06-30
,,,,,,,,,595430,2008-06-30
,,,,,,,,,595449,2008-06-30
,,,,,,,,,595869,2008-06-30
,,,,,,,,,595944,2008-06-30
,,,,,,,,,595953,2008-06-30
,,,,,,,,,596053,2008-06-30
,,,,,,,,,596062,2008-06-30
,,,,,,,,,596156,2008-06-30
,,,,,,,,,596455,2008-06-30
,,,,,,,,,596642,2008-06-30
,,,,,,,,,596848,2008-06-30
,,,,,,,,,596978,2008-06-30
,,,,,,,,,597041,2008-06-30
,,,,,,,,,597256,2008-06-30
,,,,,,,,,597313,2008-06-30
,,,,,,,,,597452,2008-06-30
,,,,,,,,,597546,2008-06-30
,,,,,,,,,597555,2008-06-30
,,,,,,,,,597658,2008-06-30
,,,,,,,,,597751,2008-06-30
,,,,,,,,,598002,2008-06-30
,,,,,,,,,598048,2008-06-30
,,,,,,,,,598132,2008-06-30
,,,,,,,,,598534,2008-06-30
,,,,,,,,,598543,2008-06-30
,,,,,,,,,598646,2008-06-30
,,,,,,,,,598954,2008-06-30
,,,,,,,,,599643,2008-06-30
,,,,,,,,,599755,2008-06-30
,,,,,,,,,599764,2008-06-30
,,,,,,,,,600129,2008-06-30
,,,,,,,,,600419,2008-06-30
,,,,,,,,,600651,2008-06-30
,,,,,,,,,601032,2008-06-30
,,,,,,,,,601041,2008-06-30
,,,,,,,,,601050,2008-06-30
,,,,,,,,,601153,2008-06-30
,,,,,,,,,601416,2008-06-30
,,,,,,,,,601434,2008-06-30
,,,,,,,,,601443,2008-06-30
,,,,,,,,,601564,2008-06-30
,,,,,,,,,601658,2008-06-30
,,,,,,,,,601733,2008-06-30
,,,,,,,,,602048,2008-06-30
,,,,,,,,,602150,2008-06-30
,,,,,,,,,602356,2008-06-30
,,,,,,,,,602543,2008-06-30
,,,,,,,,,602842,2008-06-30
,,,,,,,,,603232,2008-06-30
,,,,,,,,,603540,2008-06-30
,,,,,,,,,603559,2008-06-30
,,,,,,,,,603755,2008-06-30
,,,,,,,,,604024,2008-06-30
,,,,,,,,,604033,2008-06-30
,,,,,,,,,604547,2008-06-30
,,,,,,,,,604556,2008-06-30
,,,,,,,,,604640,2008-06-30
,,,,,,,,,605133,2008-06-30
,,,,,,,,,605610,2008-06-30
,,,,,,,,,605656,2008-06-30
,,,,,,,,,606046,2008-06-30
,,,,,,,,,606073,2008-06-30
,,,,,,,,,606653,2008-06-30
,,,,,,,,,607146,2008-06-30
,,,,,,,,,607333,2008-06-30
,,,,,,,,,607511,2008-06-30
,,,,,,,,,608358,2008-06-30
,,,,,,,,,608367,2008-06-30
,,,,,,,,,608451,2008-06-30
,,,,,,,,,608844,2008-06-30
,,,,,,,,,609010,2008-06-30
,,,,,,,,,609373,2008-06-30
,,,,,,,,,609467,2008-06-30
,,,,,,,,,609609,2008-06-30
,,,,,,,,,609645,2008-06-30
,,,,,,,,,609832,2008-06-30
,,,,,,,,,610128,2008-06-30
,,,,,,,,,610155,2008-06-30
,,,,,,,,,610164,2008-06-30
,,,,,,,,,610539,2008-06-30
,,,,,,,,,610557,2008-06-30
,,,,,,,,,610913,2008-06-30
,,,,,,,,,611031,2008-06-30
,,,,,,,,,611246,2008-06-30
,,,,,,,,,611451,2008-06-30
,,,,,,,,,612159,2008-06-30
,,,,,,,,,612346,2008-06-30
,,,,,,,,,612364,2008-06-30
,,,,,,,,,612551,2008-06-30
,,,,,,,,,613008,2008-06-30
,,,,,,,,,613156,2008-06-30
,,,,,,,,,613222,2008-06-30
,,,,,,,,,613334,2008-06-30
,,,,,,,,,613343,2008-06-30
,,,,,,,,,613400,2008-06-30
,,,,,,,,,613464,2008-06-30
,,,,,,,,,613558,2008-06-30
,,,,,,,,,613754,2008-06-30
,,,,,,,,,613839,2008-06-30
,,,,,,,,,613950,2008-06-30
,,,,,,,,,614256,2008-06-30
,,,,,,,,,614313,2008-06-30
,,,,,,,,,614340,2008-06-30
,,,,,,,,,614368,2008-06-30
,,,,,,,,,614751,2008-06-30
,,,,,,,,,614948,2008-06-30
,,,,,,,,,615217,2008-06-30
,,,,,,,,,615253,2008-06-30
,,,,,,,,,615459,2008-06-30
,,,,,,,,,615851,2008-06-30
,,,,,,,,,615954,2008-06-30
,,,,,,,,,616036,2008-06-30
,,,,,,,,,616148,2008-06-30
,,,,,,,,,616410,2008-06-30
,,,,,,,,,616540,2008-06-30
,,,,,,,,,616755,2008-06-30
,,,,,,,,,616849,2008-06-30
,,,,,,,,,617024,2008-06-30
,,,,,,,,,617051,2008-06-30
,,,,,,,,,617145,2008-06-30
,,,,,,,,,617275,2008-06-30
,,,,,,,,,617341,2008-06-30
,,,,,,,,,617538,2008-06-30
,,,,,,,,,617743,2008-06-30
,,,,,,,,,618544,2008-06-30
,,,,,,,,,618647,2008-06-30
,,,,,,,,,618740,2008-06-30
,,,,,,,,,618807,2008-06-30
,,,,,,,,,619327,2008-06-30
,,,,,,,,,619457,2008-06-30
,,,,,,,,,619701,2008-06-30
,,,,,,,,,619859,2008-06-30
,,,,,,,,,620015,2008-06-30
,,,,,,,,,620051,2008-06-30
,,,,,,,,,620752,2008-06-30
,,,,,,,,,620930,2008-06-30
,,,,,,,,,621151,2008-06-30
,,,,,,,,,621245,2008-06-30
,,,,,,,,,621357,2008-06-30
,,,,,,,,,621375,2008-06-30
,,,,,,,,,621432,2008-06-30
,,,,,,,,,621441,2008-06-30
,,,,,,,,,621674,2008-06-30
,,,,,,,,,622037,2008-06-30
,,,,,,,,,622653,2008-06-30
,,,,,,,,,622756,2008-06-30
,,,,,,,,,622774,2008-06-30
,,,,,,,,,622831,2008-06-30
,,,,,,,,,623052,2008-06-30
,,,,,,,,,623445,2008-06-30
,,,,,,,,,623454,2008-06-30
,,,,,,,,,623548,2008-06-30
,,,,,,,,,624152,2008-06-30
,,,,,,,,,624246,2008-06-30
,,,,,,,,,624563,2008-06-30
,,,,,,,,,624648,2008-06-30
,,,,,,,,,624956,2008-06-30
,,,,,,,,,625056,2008-06-30
,,,,,,,,,625065,2008-06-30
,,,,,,,,,625140,2008-06-30
,,,,,,,,,625159,2008-06-30
,,,,,,,,,625449,2008-06-30
,,,,,,,,,625654,2008-06-30
,,,,,,,,,625757,2008-06-30
,,,,,,,,,625850,2008-06-30
,,,,,,,,,625953,2008-06-30
,,,,,,,,,626101,2008-06-30
,,,,,,,,,626941,2008-06-30
,,,,,,,,,627108,2008-06-30
,,,,,,,,,627377,2008-06-30
,,,,,,,,,627407,2008-06-30
,,,,,,,,,627425,2008-06-30
,,,,,,,,,627658,2008-06-30
,,,,,,,,,627854,2008-06-30
,,,,,,,,,628039,2008-06-30
,,,,,,,,,628123,2008-06-30
,,,,,,,,,628178,2008-06-30
,,,,,,,,,628356,2008-06-30
,,,,,,,,,628552,2008-06-30
,,,,,,,,,628730,2008-06-30
,,,,,,,,,629148,2008-06-30
,,,,,,,,,629353,2008-06-30
,,,,,,,,,629522,2008-06-30
,,,,,,,,,629746,2008-06-30
,,,,,,,,,629849,2008-06-30
,,,,,,,,,630041,2008-06-30
,,,,,,,,,630340,2008-06-30
,,,,,,,,,630555,2008-06-30
,,,,,,,,,630658,2008-06-30
,,,,,,,,,631039,2008-06-30
,,,,,,,,,631150,2008-06-30
,,,,,,,,,631422,2008-06-30
,,,,,,,,,632139,2008-06-30
,,,,,,,,,632410,2008-06-30
,,,,,,,,,632607,2008-06-30
,,,,,,,,,632858,2008-06-30
,,,,,,,,,633154,2008-06-30
,,,,,,,,,633341,2008-06-30
,,,,,,,,,633501,2008-06-30
,,,,,,,,,633640,2008-06-30
,,,,,,,,,633837,2008-06-30
,,,,,,,,,634272,2008-06-30
,,,,,,,,,634357,2008-06-30
,,,,,,,,,634544,2008-06-30
,,,,,,,,,634656,2008-06-30
,,,,,,,,,634731,2008-06-30
,,,,,,,,,634946,2008-06-30
,,,,,,,,,634955,2008-06-30
,,,,,,,,,635457,2008-06-30
,,,,,,,,,635840,2008-06-30
,,,,,,,,,635859,2008-06-30
,,,,,,,,,635907,2008-06-30
,,,,,,,,,636753,2008-06-30
,,,,,,,,,636771,2008-06-30
,,,,,,,,,637451,2008-06-30
,,,,,,,,,637554,2008-06-30
,,,,,,,,,637750,2008-06-30
,,,,,,,,,638047,2008-06-30
,,,,,,,,,638131,2008-06-30
,,,,,,,,,638346,2008-06-30
,,,,,,,,,638355,2008-06-30
,,,,,,,,,638850,2008-06-30
,,,,,,,,,639343,2008-06-30
,,,,,,,,,639549,2008-06-30
,,,,,,,,,639567,2008-06-30
,,,,,,,,,639633,2008-06-30
,,,,,,,,,639651,2008-06-30
,,,,,,,,,639857,2008-06-30
,,,,,,,,,639950,2008-06-30
,,,,,,,,,640143,2008-06-30
,,,,,,,,,640152,2008-06-30
,,,,,,,,,640246,2008-06-30
,,,,,,,,,640442,2008-06-30
,,,,,,,,,640554,2008-06-30
,,,,,,,,,640956,2008-06-30
,,,,,,,,,641047,2008-06-30
,,,,,,,,,641252,2008-06-30
,,,,,,,,,641355,2008-06-30
,,,,,,,,,641364,2008-06-30
,,,,,,,,,641449,2008-06-30
,,,,,,,,,641476,2008-06-30
,,,,,,,,,641579,2008-06-30
,,,,,,,,,641775,2008-06-30
,,,,,,,,,642259,2008-06-30
,,,,,,,,,642370,2008-06-30
,,,,,,,,,642437,2008-06-30
,,,,,,,,,642549,2008-06-30
,,,,,,,,,642857,2008-06-30
,,,,,,,,,642866,2008-06-30
,,,,,,,,,643274,2008-06-30
,,,,,,,,,643340,2008-06-30
,,,,,,,,,643368,2008-06-30
,,,,,,,,,643452,2008-06-30
,,,,,,,,,643546,2008-06-30
,,,,,,,,,643658,2008-06-30
,,,,,,,,,644057,2008-06-30
,,,,,,,,,644132,2008-06-30
,,,,,,,,,644141,2008-06-30
,,,,,,,,,644178,2008-06-30
,,,,,,,,,644440,2008-06-30
,,,,,,,,,644459,2008-06-30
,,,,,,,,,644646,2008-06-30
,,,,,,,,,644776,2008-06-30
,,,,,,,,,644842,2008-06-30
,,,,,,,,,644936,2008-06-30
,,,,,,,,,644963,2008-06-30
,,,,,,,,,645054,2008-06-30
,,,,,,,,,645157,2008-06-30
,,,,,,,,,645317,2008-06-30
,,,,,,,,,645465,2008-06-30
,,,,,,,,,645540,2008-06-30
,,,,,,,,,645625,2008-06-30
,,,,,,,,,645661,2008-06-30
,,,,,,,,,646042,2008-06-30
,,,,,,,,,646145,2008-06-30
,,,,,,,,,646444,2008-06-30
,,,,,,,,,646453,2008-06-30
,,,,,,,,,646471,2008-06-30
,,,,,,,,,646556,2008-06-30
,,,,,,,,,646743,2008-06-30
,,,,,,,,,646837,2008-06-30
,,,,,,,,,646958,2008-06-30
,,,,,,,,,647218,2008-06-30
,,,,,,,,,647245,2008-06-30
,,,,,,,,,647414,2008-06-30
,,,,,,,,,647432,2008-06-30
,,,,,,,,,647759,2008-06-30
,,,,,,,,,647955,2008-06-30
,,,,,,,,,648055,2008-06-30
,,,,,,,,,648130,2008-06-30
,,,,,,,,,648242,2008-06-30
,,,,,,,,,648251,2008-06-30
,,,,,,,,,648345,2008-06-30
,,,,,,,,,648550,2008-06-30
,,,,,,,,,648952,2008-06-30
,,,,,,,,,649342,2008-06-30
,,,,,,,,,649351,2008-06-30
,,,,,,,,,649548,2008-06-30
,,,,,,,,,649632,2008-06-30
,,,,,,,,,649650,2008-06-30
,,,,,,,,,649874,2008-06-30
,,,,,,,,,650674,2008-06-30
,,,,,,,,,650955,2008-06-30
,,,,,,,,,651037,2008-06-30
,,,,,,,,,651103,2008-06-30
,,,,,,,,,651121,2008-06-30
,,,,,,,,,651149,2008-06-30
,,,,,,,,,651158,2008-06-30
,,,,,,,,,651354,2008-06-30
,,,,,,,,,651448,2008-06-30
,,,,,,,,,651457,2008-06-30
,,,,,,,,,651541,2008-06-30
,,,,,,,,,651756,2008-06-30
,,,,,,,,,651859,2008-06-30
,,,,,,,,,651952,2008-06-30
,,,,,,,,,652043,2008-06-30
,,,,,,,,,652351,2008-06-30
,,,,,,,,,652445,2008-06-30
,,,,,,,,,652753,2008-06-30
,,,,,,,,,652874,2008-06-30
,,,,,,,,,652959,2008-06-30
,,,,,,,,,653134,2008-06-30
,,,,,,,,,653349,2008-06-30
,,,,,,,,,653433,2008-06-30
,,,,,,,,,653611,2008-06-30
,,,,,,,,,653648,2008-06-30
,,,,,,,,,653947,2008-06-30
,,,,,,,,,654047,2008-06-30
,,,,,,,,,654252,2008-06-30
,,,,,,,,,654300,2008-06-30
,,,,,,,,,654542,2008-06-30
,,,,,,,,,655156,2008-06-30
,,,,,,,,,655530,2008-06-30
,,,,,,,,,655651,2008-06-30
,,,,,,,,,655660,2008-06-30
,,,,,,,,,655839,2008-06-30
,,,,,,,,,655857,2008-06-30
,,,,,,,,,656032,2008-06-30
,,,,,,,,,656153,2008-06-30
,,,,,,,,,656247,2008-06-30
,,,,,,,,,656274,2008-06-30
,,,,,,,,,656359,2008-06-30
,,,,,,,,,656470,2008-06-30
,,,,,,,,,656649,2008-06-30
,,,,,,,,,656658,2008-06-30
,,,,,,,,,656733,2008-06-30
,,,,,,,,,656742,2008-06-30
,,,,,,,,,657178,2008-06-30
,,,,,,,,,657365,2008-06-30
,,,,,,,,,657459,2008-06-30
,,,,,,,,,657758,2008-06-30
,,,,,,,,,657954,2008-06-30
,,,,,,,,,658540,2008-06-30
,,,,,,,,,658559,2008-06-30
,,,,,,,,,658924,2008-06-30
,,,,,,,,,659042,2008-06-30
,,,,,,,,,659257,2008-06-30
,,,,,,,,,659341,2008-06-30
,,,,,,,,,659453,2008-06-30
,,,,,,,,,659538,2008-06-30
,,,,,,,,,659556,2008-06-30
,,,,,,,,,659622,2008-06-30
,,,,,,,,,659640,2008-06-30
,,,,,,,,,659734,2008-06-30
,,,,,,,,,659855,2008-06-30
,,,,,,,,,660066,2008-06-30
,,,,,,,,,660253,2008-06-30
,,,,,,,,,660271,2008-06-30
,,,,,,,,,660570,2008-06-30
,,,,,,,,,660655,2008-06-30
,,,,,,,,,660927,2008-06-30
,,,,,,,,,661157,2008-06-30
,,,,,,,,,661223,2008-06-30
,,,,,,,,,661308,2008-06-30
,,,,,,,,,661858,2008-06-30
,,,,,,,,,662350,2008-06-30
,,,,,,,,,662369,2008-06-30
,,,,,,,,,662453,2008-06-30
,,,,,,,,,662556,2008-06-30
,,,,,,,,,662640,2008-06-30
,,,,,,,,,662659,2008-06-30
,,,,,,,,,662949,2008-06-30
,,,,,,,,,663058,2008-06-30
,,,,,,,,,663245,2008-06-30
,,,,,,,,,663450,2008-06-30
,,,,,,,,,663638,2008-06-30
,,,,,,,,,663647,2008-06-30
,,,,,,,,,663656,2008-06-30
,,,,,,,,,663722,2008-06-30
,,,,,,,,,663768,2008-06-30
,,,,,,,,,663834,2008-06-30
,,,,,,,,,663955,2008-06-30
,,,,,,,,,664206,2008-06-30
,,,,,,,,,664336,2008-06-30
,,,,,,,,,664457,2008-06-30
,,,,,,,,,664653,2008-06-30
,,,,,,,,,664756,2008-06-30
,,,,,,,,,664831,2008-06-30
,,,,,,,,,665052,2008-06-30
,,,,,,,,,665146,2008-06-30
,,,,,,,,,665258,2008-06-30
,,,,,,,,,665865,2008-06-30
,,,,,,,,,665931,2008-06-30
,,,,,,,,,666031,2008-06-30
,,,,,,,,,666059,2008-06-30
,,,,,,,,,666273,2008-06-30
,,,,,,,,,666358,2008-06-30
,,,,,,,,,666554,2008-06-30
,,,,,,,,,666657,2008-06-30
,,,,,,,,,666844,2008-06-30
,,,,,,,,,667029,2008-06-30
,,,,,,,,,667252,2008-06-30
,,,,,,,,,667346,2008-06-30
,,,,,,,,,667458,2008-06-30
,,,,,,,,,667524,2008-06-30
,,,,,,,,,667551,2008-06-30
,,,,,,,,,667757,2008-06-30
,,,,,,,,,667832,2008-06-30
,,,,,,,,,667850,2008-06-30
,,,,,,,,,667869,2008-06-30
,,,,,,,,,668053,2008-06-30
,,,,,,,,,668147,2008-06-30
,,,,,,,,,668352,2008-06-30
,,,,,,,,,668848,2008-06-30
,,,,,,,,,669443,2008-06-30
,,,,,,,,,669555,2008-06-30
,,,,,,,,,670159,2008-06-30
,,,,,,,,,670421,2008-06-30
,,,,,,,,,670430,2008-06-30
,,,,,,,,,670467,2008-06-30
,,,,,,,,,670560,2008-06-30
,,,,,,,,,670654,2008-06-30
,,,,,,,,,670748,2008-06-30
,,,,,,,,,671053,2008-06-30
,,,,,,,,,671147,2008-06-30
,,,,,,,,,671334,2008-06-30
,,,,,,,,,671464,2008-06-30
,,,,,,,,,671558,2008-06-30
,,,,,,,,,671576,2008-06-30
,,,,,,,,,671857,2008-06-30
,,,,,,,,,672041,2008-06-30
,,,,,,,,,672238,2008-06-30
,,,,,,,,,672247,2008-06-30
,,,,,,,,,672359,2008-06-30
,,,,,,,,,672537,2008-06-30
,,,,,,,,,673132,2008-06-30
,,,,,,,,,673178,2008-06-30
,,,,,,,,,673244,2008-06-30
,,,,,,,,,673431,2008-06-30
,,,,,,,,,673440,2008-06-30
,,,,,,,,,673851,2008-06-30
,,,,,,,,,673909,2008-06-30
,,,,,,,,,673963,2008-06-30
,,,,,,,,,674344,2008-06-30
,,,,,,,,,674849,2008-06-30
,,,,,,,,,675042,2008-06-30
,,,,,,,,,675051,2008-06-30
,,,,,,,,,675079,2008-06-30
,,,,,,,,,675239,2008-06-30
,,,,,,,,,675248,2008-06-30
,,,,,,,,,675332,2008-06-30
,,,,,,,,,675341,2008-06-30
,,,,,,,,,675659,2008-06-30
,,,,,,,,,675855,2008-06-30
,,,,,,,,,675949,2008-06-30
,,,,,,,,,676049,2008-06-30
,,,,,,,,,676151,2008-06-30
,,,,,,,,,676160,2008-06-30
,,,,,,,,,676245,2008-06-30
,,,,,,,,,676656,2008-06-30
,,,,,,,,,676955,2008-06-30
,,,,,,,,,677354,2008-06-30
,,,,,,,,,677448,2008-06-30
,,,,,,,,,677644,2008-06-30
,,,,,,,,,677756,2008-06-30
,,,,,,,,,678043,2008-06-30
,,,,,,,,,678052,2008-06-30
,,,,,,,,,678070,2008-06-30
,,,,,,,,,678258,2008-06-30
,,,,,,,,,678454,2008-06-30
,,,,,,,,,678557,2008-06-30
,,,,,,,,,678717,2008-06-30
,,,,,,,,,678744,2008-06-30
,,,,,,,,,678931,2008-06-30
,,,,,,,,,679246,2008-06-30
,,,,,,,,,679451,2008-06-30
,,,,,,,,,679648,2008-06-30
,,,,,,,,,679826,2008-06-30
,,,,,,,,,680055,2008-06-30
,,,,,,,,,680130,2008-06-30
,,,,,,,,,680149,2008-06-30
,,,,,,,,,680354,2008-06-30
,,,,,,,,,680457,2008-06-30
,,,,,,,,,680747,2008-06-30
,,,,,,,,,680813,2008-06-30
,,,,,,,,,680952,2008-06-30
,,,,,,,,,681043,2008-06-30
,,,,,,,,,681249,2008-06-30
,,,,,,,,,682143,2008-06-30
,,,,,,,,,682545,2008-06-30
,,,,,,,,,682563,2008-06-30
,,,,,,,,,682611,2008-06-30
,,,,,,,,,682648,2008-06-30
,,,,,,,,,683449,2008-06-30
,,,,,,,,,683814,2008-06-30
,,,,,,,,,684325,2008-06-30
,,,,,,,,,684455,2008-06-30
,,,,,,,,,685023,2008-06-30
,,,,,,,,,685368,2008-06-30
,,,,,,,,,685407,2008-06-30
,,,,,,,,,685555,2008-06-30
,,,,,,,,,685649,2008-06-30
,,,,,,,,,685658,2008-06-30
,,,,,,,,,685733,2008-06-30
,,,,,,,,,686271,2008-06-30
,,,,,,,,,686440,2008-06-30
,,,,,,,,,686459,2008-06-30
,,,,,,,,,686655,2008-06-30
,,,,,,,,,686758,2008-06-30
,,,,,,,,,686963,2008-06-30
,,,,,,,,,687009,2008-06-30
,,,,,,,,,687054,2008-06-30
,,,,,,,,,687250,2008-06-30
,,,,,,,,,687474,2008-06-30
,,,,,,,,,687830,2008-06-30
,,,,,,,,,687858,2008-06-30
,,,,,,,,,687951,2008-06-30
,,,,,,,,,688079,2008-06-30
,,,,,,,,,688257,2008-06-30
,,,,,,,,,688453,2008-06-30
,,,,,,,,,688556,2008-06-30
,,,,,,,,,689209,2008-06-30
,,,,,,,,,689302,2008-06-30
,,,,,,,,,689357,2008-06-30
,,,,,,,,,689740,2008-06-30
,,,,,,,,,689759,2008-06-30
,,,,,,,,,691042,2008-06-30
,,,,,,,,,691079,2008-06-30
,,,,,,,,,691556,2008-06-30
,,,,,,,,,691743,2008-06-30
,,,,,,,,,691958,2008-06-30
,,,,,,,,,692450,2008-06-30
,,,,,,,,,692478,2008-06-30
,,,,,,,,,692704,2008-06-30
,,,,,,,,,692946,2008-06-30
,,,,,,,,,693224,2008-06-30
,,,,,,,,,693345,2008-06-30
,,,,,,,,,693662,2008-06-30
,,,,,,,,,693952,2008-06-30
,,,,,,,,,694146,2008-06-30
,,,,,,,,,694771,2008-06-30
,,,,,,,,,694847,2008-06-30
,,,,,,,,,694904,2008-06-30
,,,,,,,,,695134,2008-06-30
,,,,,,,,,695228,2008-06-30
,,,,,,,,,695349,2008-06-30
,,,,,,,,,695648,2008-06-30
,,,,,,,,,695705,2008-06-30
,,,,,,,,,695732,2008-06-30
,,,,,,,,,695947,2008-06-30
,,,,,,,,,696047,2008-06-30
,,,,,,,,,696168,2008-06-30
,,,,,,,,,696430,2008-06-30
,,,,,,,,,696551,2008-06-30
,,,,,,,,,696645,2008-06-30
,,,,,,,,,697035,2008-06-30
,,,,,,,,,697147,2008-06-30
,,,,,,,,,697156,2008-06-30
,,,,,,,,,697231,2008-06-30
,,,,,,,,,697455,2008-06-30
,,,,,,,,,697633,2008-06-30
,,,,,,,,,697754,2008-06-30
,,,,,,,,,697763,2008-06-30
,,,,,,,,,697857,2008-06-30
,,,,,,,,,697950,2008-06-30
,,,,,,,,,697978,2008-06-30
,,,,,,,,,698144,2008-06-30
,,,,,,,,,698322,2008-06-30
,,,,,,,,,698546,2008-06-30
,,,,,,,,,698649,2008-06-30
,,,,,,,,,698957,2008-06-30
,,,,,,,,,699105,2008-06-30
,,,,,,,,,699132,2008-06-30
,,,,,,,,,699253,2008-06-30
,,,,,,,,,699534,2008-06-30
,,,,,,,,,699552,2008-06-30
,,,,,,,,,700140,2008-06-30
,,,,,,,,,700252,2008-06-30
,,,,,,,,,700337,2008-06-30
,,,,,,,,,700430,2008-06-30
,,,,,,,,,700458,2008-06-30
,,,,,,,,,700672,2008-06-30
,,,,,,,,,700739,2008-06-30
,,,,,,,,,701062,2008-06-30
,,,,,,,,,701222,2008-06-30
,,,,,,,,,701259,2008-06-30
,,,,,,,,,701736,2008-06-30
,,,,,,,,,701745,2008-06-30
,,,,,,,,,701839,2008-06-30
,,,,,,,,,701857,2008-06-30
,,,,,,,,,701950,2008-06-30
,,,,,,,,,702050,2008-06-30
,,,,,,,,,702117,2008-06-30
,,,,,,,,,702359,2008-06-30
,,,,,,,,,702612,2008-06-30
,,,,,,,,,702751,2008-06-30
,,,,,,,,,702836,2008-06-30
,,,,,,,,,702911,2008-06-30
,,,,,,,,,702966,2008-06-30
,,,,,,,,,703039,2008-06-30
,,,,,,,,,703552,2008-06-30
,,,,,,,,,703767,2008-06-30
,,,,,,,,,704326,2008-06-30
,,,,,,,,,704447,2008-06-30
,,,,,,,,,704559,2008-06-30
,,,,,,,,,704737,2008-06-30
,,,,,,,,,704755,2008-06-30
,,,,,,,,,705444,2008-06-30
,,,,,,,,,705453,2008-06-30
,,,,,,,,,705556,2008-06-30
,,,,,,,,,705565,2008-06-30
,,,,,,,,,705958,2008-06-30
,,,,,,,,,706030,2008-06-30
,,,,,,,,,706058,2008-06-30
,,,,,,,,,706151,2008-06-30
,,,,,,,,,706236,2008-06-30
,,,,,,,,,706254,2008-06-30
,,,,,,,,,706450,2008-06-30
,,,,,,,,,706656,2008-06-30
,,,,,,,,,707354,2008-06-30
,,,,,,,,,708052,2008-06-30
,,,,,,,,,708137,2008-06-30
,,,,,,,,,708164,2008-06-30
,,,,,,,,,708333,2008-06-30
,,,,,,,,,708379,2008-06-30
,,,,,,,,,708454,2008-06-30
,,,,,,,,,708753,2008-06-30
,,,,,,,,,709031,2008-06-30
,,,,,,,,,709143,2008-06-30
,,,,,,,,,709358,2008-06-30
,,,,,,,,,709451,2008-06-30
,,,,,,,,,709554,2008-06-30
,,,,,,,,,709602,2008-06-30
,,,,,,,,,709639,2008-06-30
,,,,,,,,,709648,2008-06-30
,,,,,,,,,709675,2008-06-30
,,,,,,,,,709956,2008-06-30
,,,,,,,,,710176,2008-06-30
,,,,,,,,,710251,2008-06-30
,,,,,,,,,710859,2008-06-30
,,,,,,,,,711472,2008-06-30
,,,,,,,,,711520,2008-06-30
,,,,,,,,,711548,2008-06-30
,,,,,,,,,711753,2008-06-30
,,,,,,,,,711801,2008-06-30
,,,,,,,,,711959,2008-06-30
,,,,,,,,,712031,2008-06-30
,,,,,,,,,712059,2008-06-30
,,,,,,,,,712648,2008-06-30
,,,,,,,,,712750,2008-06-30
,,,,,,,,,712956,2008-06-30
,,,,,,,,,713038,2008-06-30
,,,,,,,,,713047,2008-06-30
,,,,,,,,,713140,2008-06-30
,,,,,,,,,713252,2008-06-30
,,,,,,,,,713926,2008-06-30
,,,,,,,,,714165,2008-06-30
,,,,,,,,,714437,2008-06-30
,,,,,,,,,714839,2008-06-30
,,,,,,,,,714978,2008-06-30
,,,,,,,,,715032,2008-06-30
,,,,,,,,,715144,2008-06-30
,,,,,,,,,715340,2008-06-30
,,,,,,,,,715630,2008-06-30
,,,,,,,,,715751,2008-06-30
,,,,,,,,,716413,2008-06-30
,,,,,,,,,716655,2008-06-30
,,,,,,,,,716833,2008-06-30
,,,,,,,,,716851,2008-06-30
,,,,,,,,,716954,2008-06-30
,,,,,,,,,717232,2008-06-30
,,,,,,,,,717513,2008-06-30
,,,,,,,,,717737,2008-06-30
,,,,,,,,,717867,2008-06-30
,,,,,,,,,717924,2008-06-30
,,,,,,,,,718079,2008-06-30
,,,,,,,,,718145,2008-06-30
,,,,,,,,,718275,2008-06-30
,,,,,,,,,718538,2008-06-30
,,,,,,,,,718547,2008-06-30
,,,,,,,,,718556,2008-06-30
,,,,,,,,,718930,2008-06-30
,,,,,,,,,719030,2008-06-30
,,,,,,,,,719441,2008-06-30
,,,,,,,,,719610,2008-06-30
,,,,,,,,,719656,2008-06-30
,,,,,,,,,719955,2008-06-30
,,,,,,,,,719964,2008-06-30
,,,,,,,,,720045,2008-06-30
,,,,,,,,,720157,2008-06-30
,,,,,,,,,720166,2008-06-30
,,,,,,,,,720344,2008-06-30
,,,,,,,,,720465,2008-06-30
,,,,,,,,,720746,2008-06-30
,,,,,,,,,720858,2008-06-30
,,,,,,,,,720951,2008-06-30
,,,,,,,,,721350,2008-06-30
,,,,,,,,,721659,2008-06-30
,,,,,,,,,721752,2008-06-30
,,,,,,,,,721949,2008-06-30
,,,,,,,,,722227,2008-06-30
,,,,,,,,,722432,2008-06-30
,,,,,,,,,722544,2008-06-30
,,,,,,,,,722816,2008-06-30
,,,,,,,,,723112,2008-06-30
,,,,,,,,,723158,2008-06-30
,,,,,,,,,723550,2008-06-30
,,,,,,,,,723653,2008-06-30
,,,,,,,,,723710,2008-06-30
,,,,,,,,,723747,2008-06-30
,,,,,,,,,723756,2008-06-30
,,,,,,,,,723822,2008-06-30
,,,,,,,,,723868,2008-06-30
,,,,,,,,,724230,2008-06-30
,,,,,,,,,724351,2008-06-30
,,,,,,,,,724548,2008-06-30
,,,,,,,,,724744,2008-06-30
,,,,,,,,,724753,2008-06-30
,,,,,,,,,724847,2008-06-30
,,,,,,,,,724940,2008-06-30
,,,,,,,,,725376,2008-06-30
,,,,,,,,,725732,2008-06-30
,,,,,,,,,725741,2008-06-30
,,,,,,,,,725844,2008-06-30
,,,,,,,,,725853,2008-06-30
,,,,,,,,,726234,2008-06-30
,,,,,,,,,726355,2008-06-30
,,,,,,,,,726458,2008-06-30
,,,,,,,,,726953,2008-06-30
,,,,,,,,,727156,2008-06-30
,,,,,,,,,727343,2008-06-30
,,,,,,,,,727455,2008-06-30
,,,,,,,,,727530,2008-06-30
,,,,,,,,,728452,2008-06-30
,,,,,,,,,728742,2008-06-30
,,,,,,,,,728948,2008-06-30
,,,,,,,,,728957,2008-06-30
,,,,,,,,,729011,2008-06-30
,,,,,,,,,729057,2008-06-30
,,,,,,,,,729132,2008-06-30
,,,,,,,,,729310,2008-06-30
,,,,,,,,,729459,2008-06-30
,,,,,,,,,729842,2008-06-30
,,,,,,,,,729945,2008-06-30
,,,,,,,,,730446,2008-06-30
,,,,,,,,,730745,2008-06-30
,,,,,,,,,730754,2008-06-30
,,,,,,,,,730857,2008-06-30
,,,,,,,,,731050,2008-06-30
,,,,,,,,,731247,2008-06-30
,,,,,,,,,731957,2008-06-30
,,,,,,,,,732178,2008-06-30
,,,,,,,,,732253,2008-06-30
,,,,,,,,,732459,2008-06-30
,,,,,,,,,732637,2008-06-30
,,,,,,,,,732758,2008-06-30
,,,,,,,,,732918,2008-06-30
,,,,,,,,,732945,2008-06-30
,,,,,,,,,732954,2008-06-30
,,,,,,,,,733045,2008-06-30
,,,,,,,,,733054,2008-06-30
,,,,,,,,,733540,2008-06-30
,,,,,,,,,733559,2008-06-30
,,,,,,,,,733661,2008-06-30
,,,,,,,,,733755,2008-06-30
,,,,,,,,,733951,2008-06-30
,,,,,,,,,734051,2008-06-30
,,,,,,,,,734248,2008-06-30
,,,,,,,,,734350,2008-06-30
,,,,,,,,,734538,2008-06-30
,,,,,,,,,734613,2008-06-30
,,,,,,,,,734855,2008-06-30
,,,,,,,,,734949,2008-06-30
,,,,,,,,,735049,2008-06-30
,,,,,,,,,735067,2008-06-30
,,,,,,,,,735142,2008-06-30
,,,,,,,,,735357,2008-06-30
,,,,,,,,,735414,2008-06-30
,,,,,,,,,735441,2008-06-30
,,,,,,,,,735656,2008-06-30
,,,,,,,,,735768,2008-06-30
,,,,,,,,,735852,2008-06-30
,,,,,,,,,736158,2008-06-30
,,,,,,,,,736206,2008-06-30
,,,,,,,,,736448,2008-06-30
,,,,,,,,,736550,2008-06-30
,,,,,,,,,736662,2008-06-30
,,,,,,,,,736877,2008-06-30
,,,,,,,,,737548,2008-06-30
,,,,,,,,,737632,2008-06-30
,,,,,,,,,737753,2008-06-30
,,,,,,,,,738013,2008-06-30
,,,,,,,,,738040,2008-06-30
,,,,,,,,,738143,2008-06-30
,,,,,,,,,738255,2008-06-30
,,,,,,,,,738303,2008-06-30
,,,,,,,,,738611,2008-06-30
,,,,,,,,,738657,2008-06-30
,,,,,,,,,738769,2008-06-30
,,,,,,,,,739159,2008-06-30
,,,,,,,,,739346,2008-06-30
,,,,,,,,,739355,2008-06-30
,,,,,,,,,739430,2008-06-30
,,,,,,,,,739560,2008-06-30
,,,,,,,,,739832,2008-06-30
,,,,,,,,,739850,2008-06-30
,,,,,,,,,740249,2008-06-30
,,,,,,,,,740258,2008-06-30
,,,,,,,,,740931,2008-06-30
,,,,,,,,,741068,2008-06-30
,,,,,,,,,741152,2008-06-30
,,,,,,,,,741330,2008-06-30
,,,,,,,,,741358,2008-06-30
,,,,,,,,,741639,2008-06-30
,,,,,,,,,741648,2008-06-30
,,,,,,,,,741657,2008-06-30
,,,,,,,,,741844,2008-06-30
,,,,,,,,,741871,2008-06-30
,,,,,,,,,741956,2008-06-30
,,,,,,,,,742056,2008-06-30
,,,,,,,,,742355,2008-06-30
,,,,,,,,,742542,2008-06-30
,,,,,,,,,742560,2008-06-30
,,,,,,,,,742636,2008-06-30
,,,,,,,,,742944,2008-06-30
,,,,,,,,,743053,2008-06-30
,,,,,,,,,743455,2008-06-30
,,,,,,,,,743679,2008-06-30
,,,,,,,,,743857,2008-06-30
,,,,,,,,,743950,2008-06-30
,,,,,,,,,744144,2008-06-30
,,,,,,,,,744238,2008-06-30
,,,,,,,,,744256,2008-06-30
,,,,,,,,,744854,2008-06-30
,,,,,,,,,745150,2008-06-30
,,,,,,,,,745347,2008-06-30
,,,,,,,,,745570,2008-06-30
,,,,,,,,,745646,2008-06-30
,,,,,,,,,745954,2008-06-30
,,,,,,,,,746054,2008-06-30
,,,,,,,,,746157,2008-06-30
,,,,,,,,,746223,2008-06-30
,,,,,,,,,746429,2008-06-30
,,,,,,,,,746513,2008-06-30
,,,,,,,,,746755,2008-06-30
,,,,,,,,,746942,2008-06-30
,,,,,,,,,747051,2008-06-30
,,,,,,,,,747257,2008-06-30
,,,,,,,,,747435,2008-06-30
,,,,,,,,,747743,2008-06-30
,,,,,,,,,747846,2008-06-30
,,,,,,,,,748254,2008-06-30
,,,,,,,,,748357,2008-06-30
,,,,,,,,,748441,2008-06-30
,,,,,,,,,748964,2008-06-30
,,,,,,,,,749046,2008-06-30
,,,,,,,,,749242,2008-06-30
,,,,,,,,,749550,2008-06-30
,,,,,,,,,749635,2008-06-30
,,,,,,,,,749840,2008-06-30
,,,,,,,,,749943,2008-06-30
,,,,,,,,,749952,2008-06-30
,,,,,,,,,750051,2008-06-30
,,,,,,,,,750127,2008-06-30
,,,,,,,,,750154,2008-06-30
,,,,,,,,,750239,2008-06-30
,,,,,,,,,750305,2008-06-30
,,,,,,,,,750341,2008-06-30
,,,,,,,,,750444,2008-06-30
,,,,,,,,,750846,2008-06-30
,,,,,,,,,750864,2008-06-30
,,,,,,,,,751254,2008-06-30
,,,,,,,,,751656,2008-06-30
,,,,,,,,,751759,2008-06-30
,,,,,,,,,751852,2008-06-30
,,,,,,,,,751955,2008-06-30
,,,,,,,,,752644,2008-06-30
,,,,,,,,,752653,2008-06-30
,,,,,,,,,752831,2008-06-30
,,,,,,,,,752970,2008-06-30
,,,,,,,,,753052,2008-06-30
,,,,,,,,,753324,2008-06-30
,,,,,,,,,753548,2008-06-30
,,,,,,,,,753641,2008-06-30
,,,,,,,,,753856,2008-06-30
,,,,,,,,,754068,2008-06-30
,,,,,,,,,754246,2008-06-30
,,,,,,,,,754433,2008-06-30
,,,,,,,,,754536,2008-06-30
,,,,,,,,,754826,2008-06-30
,,,,,,,,,754853,2008-06-30
,,,,,,,,,754929,2008-06-30
,,,,,,,,,755047,2008-06-30
,,,,,,,,,755252,2008-06-30
,,,,,,,,,755421,2008-06-30
,,,,,,,,,755458,2008-06-30
,,,,,,,,,755850,2008-06-30
,,,,,,,,,756316,2008-06-30
,,,,,,,,,756343,2008-06-30
,,,,,,,,,756848,2008-06-30
,,,,,,,,,757377,2008-06-30
,,,,,,,,,757452,2008-06-30
,,,,,,,,,757612,2008-06-30
,,,,,,,,,757779,2008-06-30
,,,,,,,,,758703,2008-06-30
,,,,,,,,,758842,2008-06-30
,,,,,,,,,758851,2008-06-30
,,,,,,,,,759045,2008-06-30
,,,,,,,,,759250,2008-06-30
,,,,,,,,,759540,2008-06-30
,,,,,,,,,759625,2008-06-30
,,,,,,,,,760108,2008-06-30
,,,,,,,,,760210,2008-06-30
,,,,,,,,,760331,2008-06-30
,,,,,,,,,760340,2008-06-30
,,,,,,,,,760434,2008-06-30
,,,,,,,,,760649,2008-06-30
,,,,,,,,,760854,2008-06-30
,,,,,,,,,760939,2008-06-30
,,,,,,,,,760957,2008-06-30
,,,,,,,,,761178,2008-06-30
,,,,,,,,,761244,2008-06-30
,,,,,,,,,761347,2008-06-30
,,,,,,,,,761459,2008-06-30
,,,,,,,,,761543,2008-06-30
,,,,,,,,,761806,2008-06-30
,,,,,,,,,761833,2008-06-30
,,,,,,,,,761851,2008-06-30
,,,,,,,,,761954,2008-06-30
,,,,,,,,,762045,2008-06-30
,,,,,,,,,762054,2008-06-30
,,,,,,,,,762353,2008-06-30
,,,,,,,,,762447,2008-06-30
,,,,,,,,,762625,2008-06-30
,,,,,,,,,762661,2008-06-30
,,,,,,,,,763211,2008-06-30
,,,,,,,,,763556,2008-06-30
,,,,,,,,,763752,2008-06-30
,,,,,,,,,763930,2008-06-30
,,,,,,,,,764030,2008-06-30
,,,,,,,,,764058,2008-06-30
,,,,,,,,,764067,2008-06-30
,,,,,,,,,764142,2008-06-30
,,,,,,,,,764151,2008-06-30
,,,,,,,,,764441,2008-06-30
,,,,,,,,,764647,2008-06-30
,,,,,,,,,764816,2008-06-30
,,,,,,,,,764843,2008-06-30
,,,,,,,,,764982,2008-06-30
,,,,,,,,,765019,2008-06-30
,,,,,,,,,765046,2008-06-30
,,,,,,,,,765130,2008-06-30
,,,,,,,,,765318,2008-06-30
,,,,,,,,,765354,2008-06-30
,,,,,,,,,765505,2008-06-30
,,,,,,,,,765662,2008-06-30
,,,,,,,,,766052,2008-06-30
,,,,,,,,,766164,2008-06-30
,,,,,,,,,766258,2008-06-30
,,,,,,,,,766735,2008-06-30
,,,,,,,,,767040,2008-06-30
,,,,,,,,,767152,2008-06-30
,,,,,,,,,767246,2008-06-30
,,,,,,,,,767255,2008-06-30
,,,,,,,,,767554,2008-06-30
,,,,,,,,,767611,2008-06-30
,,,,,,,,,767705,2008-06-30
,,,,,,,,,767732,2008-06-30
,,,,,,,,,767769,2008-06-30
,,,,,,,,,767817,2008-06-30
,,,,,,,,,768074,2008-06-30
,,,,,,,,,768252,2008-06-30
,,,,,,,,,768458,2008-06-30
,,,,,,,,,768953,2008-06-30
,,,,,,,,,769156,2008-06-30
,,,,,,,,,769334,2008-06-30
,,,,,,,,,770068,2008-06-30
,,,,,,,,,770367,2008-06-30
,,,,,,,,,770433,2008-06-30
,,,,,,,,,770451,2008-06-30
,,,,,,,,,770545,2008-06-30
,,,,,,,,,770639,2008-06-30
,,,,,,,,,770657,2008-06-30
,,,,,,,,,770853,2008-06-30
,,,,,,,,,771047,2008-06-30
,,,,,,,,,771140,2008-06-30
,,,,,,,,,771458,2008-06-30
,,,,,,,,,771609,2008-06-30
,,,,,,,,,771636,2008-06-30
,,,,,,,,,771748,2008-06-30
,,,,,,,,,772008,2008-06-30
,,,,,,,,,772240,2008-06-30
,,,,,,,,,772446,2008-06-30
,,,,,,,,,772558,2008-06-30
,,,,,,,,,772745,2008-06-30
,,,,,,,,,772754,2008-06-30
,,,,,,,,,773032,2008-06-30
,,,,,,,,,773247,2008-06-30
,,,,,,,,,773443,2008-06-30
,,,,,,,,,773546,2008-06-30
,,,,,,,,,773742,2008-06-30
,,,,,,,,,774105,2008-06-30
,,,,,,,,,774132,2008-06-30
,,,,,,,,,774235,2008-06-30
,,,,,,,,,774253,2008-06-30
,,,,,,,,,774262,2008-06-30
,,,,,,,,,774347,2008-06-30
,,,,,,,,,774655,2008-06-30
,,,,,,,,,774851,2008-06-30
,,,,,,,,,775054,2008-06-30
,,,,,,,,,775214,2008-06-30
,,,,,,,,,775241,2008-06-30
,,,,,,,,,775456,2008-06-30
,,,,,,,,,775540,2008-06-30
,,,,,,,,,775755,2008-06-30
,,,,,,,,,776248,2008-06-30
,,,,,,,,,776275,2008-06-30
,,,,,,,,,776350,2008-06-30
,,,,,,,,,776369,2008-06-30
,,,,,,,,,776547,2008-06-30
,,,,,,,,,776659,2008-06-30
,,,,,,,,,776734,2008-06-30
,,,,,,,,,776752,2008-06-30
,,,,,,,,,777254,2008-06-30
,,,,,,,,,777366,2008-06-30
,,,,,,,,,777441,2008-06-30
,,,,,,,,,777553,2008-06-30
,,,,,,,,,777870,2008-06-30
,,,,,,,,,777964,2008-06-30
,,,,,,,,,778466,2008-06-30
,,,,,,,,,778738,2008-06-30
,,,,,,,,,779016,2008-06-30
,,,,,,,,,779351,2008-06-30
,,,,,,,,,779360,2008-06-30
,,,,,,,,,779539,2008-06-30
,,,,,,,,,779641,2008-06-30
,,,,,,,,,779650,2008-06-30
,,,,,,,,,779968,2008-06-30
,,,,,,,,,780049,2008-06-30
,,,,,,,,,780218,2008-06-30
,,,,,,,,,780263,2008-06-30
,,,,,,,,,780562,2008-06-30
,,,,,,,,,780722,2008-06-30
,,,,,,,,,780955,2008-06-30
,,,,,,,,,781028,2008-06-30
,,,,,,,,,782016,2008-06-30
,,,,,,,,,782351,2008-06-30
,,,,,,,,,782548,2008-06-30
,,,,,,,,,782650,2008-06-30
,,,,,,,,,783161,2008-06-30
,,,,,,,,,783246,2008-06-30
,,,,,,,,,783349,2008-06-30
,,,,,,,,,783648,2008-06-30
,,,,,,,,,783844,2008-06-30
,,,,,,,,,783910,2008-06-30
,,,,,,,,,783956,2008-06-30
,,,,,,,,,783965,2008-06-30
,,,,,,,,,784159,2008-06-30
,,,,,,,,,784430,2008-06-30
,,,,,,,,,784944,2008-06-30
,,,,,,,,,785062,2008-06-30
,,,,,,,,,785147,2008-06-30
,,,,,,,,,785259,2008-06-30
,,,,,,,,,785857,2008-06-30
,,,,,,,,,785923,2008-06-30
,,,,,,,,,785932,2008-06-30
,,,,,,,,,785950,2008-06-30
,,,,,,,,,786210,2008-06-30
,,,,,,,,,786256,2008-06-30
,,,,,,,,,786340,2008-06-30
,,,,,,,,,786443,2008-06-30
,,,,,,,,,786555,2008-06-30
,,,,,,,,,786612,2008-06-30
,,,,,,,,,786733,2008-06-30
,,,,,,,,,786742,2008-06-30
,,,,,,,,,786948,2008-06-30
,,,,,,,,,787141,2008-06-30
,,,,,,,,,787253,2008-06-30
,,,,,,,,,787440,2008-06-30
,,,,,,,,,787459,2008-06-30
,,,,,,,,,787842,2008-06-30
,,,,,,,,,788559,2008-06-30
,,,,,,,,,788652,2008-06-30
,,,,,,,,,789051,2008-06-30
,,,,,,,,,790150,2008-06-30
,,,,,,,,,790271,2008-06-30
,,,,,,,,,790534,2008-06-30
,,,,,,,,,790543,2008-06-30
,,,,,,,,,790703,2008-06-30
,,,,,,,,,790721,2008-06-30
,,,,,,,,,790851,2008-06-30
,,,,,,,,,790918,2008-06-30
,,,,,,,,,791072,2008-06-30
,,,,,,,,,791205,2008-06-30
,,,,,,,,,791353,2008-06-30
,,,,,,,,,791474,2008-06-30
,,,,,,,,,791746,2008-06-30
,,,,,,,,,791821,2008-06-30
,,,,,,,,,791942,2008-06-30
,,,,,,,,,792248,2008-06-30
,,,,,,,,,792453,2008-06-30
,,,,,,,,,792640,2008-06-30
,,,,,,,,,792659,2008-06-30
,,,,,,,,,792743,2008-06-30
,,,,,,,,,793571,2008-06-30
,,,,,,,,,794149,2008-06-30
,,,,,,,,,794251,2008-06-30
,,,,,,,,,794336,2008-06-30
,,,,,,,,,794345,2008-06-30
,,,,,,,,,794608,2008-06-30
,,,,,,,,,794653,2008-06-30
,,,,,,,,,795249,2008-06-30
,,,,,,,,,795548,2008-06-30
,,,,,,,,,795959,2008-06-30
,,,,,,,,,795968,2008-06-30
,,,,,,,,,796125,2008-06-30
,,,,,,,,,796152,2008-06-30
,,,,,,,,,796415,2008-06-30
,,,,,,,,,796451,2008-06-30
,,,,,,,,,796657,2008-06-30
,,,,,,,,,796769,2008-06-30
,,,,,,,,,797140,2008-06-30
,,,,,,,,,797159,2008-06-30
,,,,,,,,,797319,2008-06-30
,,,,,,,,,797467,2008-06-30
,,,,,,,,,797775,2008-06-30
,,,,,,,,,798512,2008-06-30
,,,,,,,,,798857,2008-06-30
,,,,,,,,,799359,2008-06-30
,,,,,,,,,799612,2008-06-30
,,,,,,,,,799751,2008-06-30
,,,,,,,,,799854,2008-06-30
,,,,,,,,,799939,2008-06-30
,,,,,,,,,799948,2008-06-30
,,,,,,,,,800134,2008-06-30
,,,,,,,,,800442,2008-06-30
,,,,,,,,,800479,2008-06-30
,,,,,,,,,800657,2008-06-30
,,,,,,,,,800853,2008-06-30
,,,,,,,,,801047,2008-06-30
,,,,,,,,,801056,2008-06-30
,,,,,,,,,801654,2008-06-30
,,,,,,,,,802110,2008-06-30
,,,,,,,,,802174,2008-06-30
,,,,,,,,,802352,2008-06-30
,,,,,,,,,802736,2008-06-30
,,,,,,,,,802866,2008-06-30
,,,,,,,,,803144,2008-06-30
,,,,,,,,,803256,2008-06-30
,,,,,,,,,803265,2008-06-30
,,,,,,,,,803461,2008-06-30
,,,,,,,,,803649,2008-06-30
,,,,,,,,,803658,2008-06-30
,,,,,,,,,803957,2008-06-30
,,,,,,,,,804150,2008-06-30
,,,,,,,,,804338,2008-06-30
,,,,,,,,,804422,2008-06-30
,,,,,,,,,804758,2008-06-30
,,,,,,,,,804815,2008-06-30
,,,,,,,,,804860,2008-06-30
,,,,,,,,,804963,2008-06-30
,,,,,,,,,805045,2008-06-30
,,,,,,,,,805250,2008-06-30
,,,,,,,,,805335,2008-06-30
,,,,,,,,,805447,2008-06-30
,,,,,,,,,805670,2008-06-30
,,,,,,,,,805755,2008-06-30
,,,,,,,,,805858,2008-06-30
,,,,,,,,,805876,2008-06-30
,,,,,,,,,806154,2008-06-30
,,,,,,,,,806220,2008-06-30
,,,,,,,,,806846,2008-06-30
,,,,,,,,,806958,2008-06-30
,,,,,,,,,807348,2008-06-30
,,,,,,,,,807432,2008-06-30
,,,,,,,,,807656,2008-06-30
,,,,,,,,,807665,2008-06-30
,,,,,,,,,807946,2008-06-30
,,,,,,,,,807955,2008-06-30
,,,,,,,,,808167,2008-06-30
,,,,,,,,,808176,2008-06-30
,,,,,,,,,808260,2008-06-30
,,,,,,,,,808345,2008-06-30
,,,,,,,,,808354,2008-06-30
,,,,,,,,,808448,2008-06-30
,,,,,,,,,808653,2008-06-30
,,,,,,,,,809379,2008-06-30
,,,,,,,,,809539,2008-06-30
,,,,,,,,,809650,2008-06-30
,,,,,,,,,809856,2008-06-30
,,,,,,,,,809940,2008-06-30
,,,,,,,,,810151,2008-06-30
,,,,,,,,,810544,2008-06-30
,,,,,,,,,810553,2008-06-30
,,,,,,,,,810834,2008-06-30
,,,,,,,,,810900,2008-06-30
,,,,,,,,,810919,2008-06-30
,,,,,,,,,811046,2008-06-30
,,,,,,,,,811279,2008-06-30
,,,,,,,,,811457,2008-06-30
,,,,,,,,,811541,2008-06-30
,,,,,,,,,811550,2008-06-30
,,,,,,,,,811747,2008-06-30
,,,,,,,,,811756,2008-06-30
,,,,,,,,,812164,2008-06-30
,,,,,,,,,812436,2008-06-30
,,,,,,,,,812557,2008-06-30
,,,,,,,,,812614,2008-06-30
,,,,,,,,,813059,2008-06-30
,,,,,,,,,813572,2008-06-30
,,,,,,,,,813853,2008-06-30
,,,,,,,,,813947,2008-06-30
,,,,,,,,,814177,2008-06-30
,,,,,,,,,814216,2008-06-30
,,,,,,,,,814355,2008-06-30
,,,,,,,,,814430,2008-06-30
,,,,,,,,,814458,2008-06-30
,,,,,,,,,814551,2008-06-30
,,,,,,,,,814711,2008-06-30
,,,,,,,,,814748,2008-06-30
,,,,,,,,,814953,2008-06-30
,,,,,,,,,815053,2008-06-30
,,,,,,,,,815147,2008-06-30
,,,,,,,,,815156,2008-06-30
,,,,,,,,,815277,2008-06-30
,,,,,,,,,815754,2008-06-30
,,,,,,,,,816210,2008-06-30
,,,,,,,,,816256,2008-06-30
,,,,,,,,,816304,2008-06-30
,,,,,,,,,816603,2008-06-30
,,,,,,,,,816751,2008-06-30
,,,,,,,,,816948,2008-06-30
,,,,,,,,,817356,2008-06-30
,,,,,,,,,817477,2008-06-30
,,,,,,,,,817824,2008-06-30
,,,,,,,,,818401,2008-06-30
,,,,,,,,,818540,2008-06-30
,,,,,,,,,818559,2008-06-30
,,,,,,,,,818625,2008-06-30
,,,,,,,,,818652,2008-06-30
,,,,,,,,,819154,2008-06-30
,,,,,,,,,819172,2008-06-30
,,,,,,,,,819453,2008-06-30
,,,,,,,,,819556,2008-06-30
,,,,,,,,,819855,2008-06-30
,,,,,,,,,820048,2008-06-30
,,,,,,,,,820178,2008-06-30
,,,,,,,,,820301,2008-06-30
,,,,,,,,,820459,2008-06-30
,,,,,,,,,820655,2008-06-30
,,,,,,,,,820842,2008-06-30
,,,,,,,,,821036,2008-06-30
,,,,,,,,,821120,2008-06-30
,,,,,,,,,821157,2008-06-30
,,,,,,,,,821278,2008-06-30
,,,,,,,,,821456,2008-06-30
,,,,,,,,,821559,2008-06-30
,,,,,,,,,821643,2008-06-30
,,,,,,,,,821652,2008-06-30
,,,,,,,,,821906,2008-06-30
,,,,,,,,,822042,2008-06-30
,,,,,,,,,822051,2008-06-30
,,,,,,,,,822145,2008-06-30
,,,,,,,,,822154,2008-06-30
,,,,,,,,,822257,2008-06-30
,,,,,,,,,822408,2008-06-30
,,,,,,,,,822529,2008-06-30
,,,,,,,,,822556,2008-06-30
,,,,,,,,,822631,2008-06-30
,,,,,,,,,822846,2008-06-30
,,,,,,,,,823133,2008-06-30
,,,,,,,,,823142,2008-06-30
,,,,,,,,,823450,2008-06-30
,,,,,,,,,823553,2008-06-30
,,,,,,,,,823638,2008-06-30
,,,,,,,,,823656,2008-06-30
,,,,,,,,,824000,2008-06-30
,,,,,,,,,824242,2008-06-30
,,,,,,,,,824550,2008-06-30
,,,,,,,,,824653,2008-06-30
,,,,,,,,,824738,2008-06-30
,,,,,,,,,825146,2008-06-30
,,,,,,,,,825454,2008-06-30
,,,,,,,,,825548,2008-06-30
,,,,,,,,,825735,2008-06-30
,,,,,,,,,825753,2008-06-30
,,,,,,,,,825847,2008-06-30
,,,,,,,,,825940,2008-06-30
,,,,,,,,,825977,2008-06-30
,,,,,,,,,826255,2008-06-30
,,,,,,,,,826451,2008-06-30
,,,,,,,,,826648,2008-06-30
,,,,,,,,,826956,2008-06-30
,,,,,,,,,827346,2008-06-30
,,,,,,,,,827355,2008-06-30
,,,,,,,,,827458,2008-06-30
,,,,,,,,,827560,2008-06-30
,,,,,,,,,827953,2008-06-30
,,,,,,,,,827971,2008-06-30
,,,,,,,,,828053,2008-06-30
,,,,,,,,,828110,2008-06-30
,,,,,,,,,828651,2008-06-30
,,,,,,,,,828745,2008-06-30
,,,,,,,,,829032,2008-06-30
,,,,,,,,,829041,2008-06-30
,,,,,,,,,829050,2008-06-30
,,,,,,,,,829256,2008-06-30
,,,,,,,,,829452,2008-06-30
,,,,,,,,,830113,2008-06-30
,,,,,,,,,830168,2008-06-30
,,,,,,,,,830252,2008-06-30
,,,,,,,,,830355,2008-06-30
,,,,,,,,,830542,2008-06-30
,,,,,,,,,830645,2008-06-30
,,,,,,,,,830748,2008-06-30
,,,,,,,,,831008,2008-06-30
,,,,,,,,,831044,2008-06-30
,,,,,,,,,831053,2008-06-30
,,,,,,,,,831352,2008-06-30
,,,,,,,,,831549,2008-06-30
,,,,,,,,,831576,2008-06-30
,,,,,,,,,831642,2008-06-30
,,,,,,,,,831857,2008-06-30
,,,,,,,,,831941,2008-06-30
,,,,,,,,,832377,2008-06-30
,,,,,,,,,832470,2008-06-30
,,,,,,,,,832528,2008-06-30
,,,,,,,,,832546,2008-06-30
,,,,,,,,,833271,2008-06-30
,,,,,,,,,833404,2008-06-30
,,,,,,,,,833646,2008-06-30
,,,,,,,,,833749,2008-06-30
,,,,,,,,,833758,2008-06-30
,,,,,,,,,833851,2008-06-30
,,,,,,,,,834045,2008-06-30
,,,,,,,,,834353,2008-06-30
,,,,,,,,,834755,2008-06-30
,,,,,,,,,834979,2008-06-30
,,,,,,,,,835257,2008-06-30
,,,,,,,,,835378,2008-06-30
,,,,,,,,,835408,2008-06-30
,,,,,,,,,835444,2008-06-30
,,,,,,,,,835613,2008-06-30
,,,,,,,,,835659,2008-06-30
,,,,,,,,,835743,2008-06-30
,,,,,,,,,835958,2008-06-30
,,,,,,,,,836142,2008-06-30
,,,,,,,,,836151,2008-06-30
,,,,,,,,,836544,2008-06-30
,,,,,,,,,836656,2008-06-30
,,,,,,,,,836843,2008-06-30
,,,,,,,,,836852,2008-06-30
,,,,,,,,,837000,2008-06-30
,,,,,,,,,837037,2008-06-30
,,,,,,,,,837046,2008-06-30
,,,,,,,,,837149,2008-06-30
,,,,,,,,,837158,2008-06-30
,,,,,,,,,837260,2008-06-30
,,,,,,,,,837354,2008-06-30
,,,,,,,,,837448,2008-06-30
,,,,,,,,,837541,2008-06-30
,,,,,,,,,837550,2008-06-30
,,,,,,,,,837653,2008-06-30
,,,,,,,,,837840,2008-06-30
,,,,,,,,,837952,2008-06-30
,,,,,,,,,838155,2008-06-30
,,,,,,,,,838632,2008-06-30
,,,,,,,,,839068,2008-06-30
,,,,,,,,,839246,2008-06-30
,,,,,,,,,839255,2008-06-30
,,,,,,,,,839817,2008-06-30
,,,,,,,,,840019,2008-06-30
,,,,,,,,,840251,2008-06-30
,,,,,,,,,840354,2008-06-30
,,,,,,,,,840363,2008-06-30
,,,,,,,,,840578,2008-06-30
,,,,,,,,,840747,2008-06-30
,,,,,,,,,841052,2008-06-30
,,,,,,,,,841258,2008-06-30
,,,,,,,,,841436,2008-06-30
,,,,,,,,,841472,2008-06-30
,,,,,,,,,841539,2008-06-30
,,,,,,,,,841753,2008-06-30
,,,,,,,,,841838,2008-06-30
,,,,,,,,,841865,2008-06-30
,,,,,,,,,842004,2008-06-30
,,,,,,,,,842031,2008-06-30
,,,,,,,,,842116,2008-06-30
,,,,,,,,,842358,2008-06-30
,,,,,,,,,842376,2008-06-30
,,,,,,,,,842460,2008-06-30
,,,,,,,,,842853,2008-06-30
,,,,,,,,,843159,2008-06-30
,,,,,,,,,843270,2008-06-30
,,,,,,,,,843542,2008-06-30
,,,,,,,,,843935,2008-06-30
,,,,,,,,,843953,2008-06-30
,,,,,,,,,844053,2008-06-30
,,,,,,,,,844138,2008-06-30
,,,,,,,,,844343,2008-06-30
,,,,,,,,,844455,2008-06-30
,,,,,,,,,844567,2008-06-30
,,,,,,,,,845247,2008-06-30
,,,,,,,,,845443,2008-06-30
,,,,,,,,,845452,2008-06-30
,,,,,,,,,845751,2008-06-30
,,,,,,,,,846132,2008-06-30
,,,,,,,,,846356,2008-06-30
,,,,,,,,,846619,2008-06-30
,,,,,,,,,846945,2008-06-30
,,,,,,,,,847157,2008-06-30
,,,,,,,,,847540,2008-06-30
,,,,,,,,,848248,2008-06-30
,,,,,,,,,848453,2008-06-30
,,,,,,,,,848752,2008-06-30
,,,,,,,,,849348,2008-06-30
,,,,,,,,,849357,2008-06-30
,,,,,,,,,849432,2008-06-30
,,,,,,,,,849450,2008-06-30
,,,,,,,,,849647,2008-06-30
,,,,,,,,,849665,2008-06-30
,,,,,,,,,849777,2008-06-30
,,,,,,,,,849834,2008-06-30
,,,,,,,,,850036,2008-06-30
,,,,,,,,,850054,2008-06-30
,,,,,,,,,850456,2008-06-30
,,,,,,,,,850616,2008-06-30
,,,,,,,,,851060,2008-06-30
,,,,,,,,,851239,2008-06-30
,,,,,,,,,851631,2008-06-30
,,,,,,,,,852133,2008-06-30
,,,,,,,,,852218,2008-06-30
,,,,,,,,,852254,2008-06-30
,,,,,,,,,852263,2008-06-30
,,,,,,,,,852320,2008-06-30
,,,,,,,,,852357,2008-06-30
,,,,,,,,,852544,2008-06-30
,,,,,,,,,852704,2008-06-30
,,,,,,,,,852713,2008-06-30
,,,,,,,,,852973,2008-06-30
,,,,,,,,,853112,2008-06-30
,,,,,,,,,853158,2008-06-30
,,,,,,,,,853251,2008-06-30
,,,,,,,,,853372,2008-06-30
,,,,,,,,,853644,2008-06-30
,,,,,,,,,853747,2008-06-30
,,,,,,,,,853804,2008-06-30
,,,,,,,,,853934,2008-06-30
,,,,,,,,,853952,2008-06-30
,,,,,,,,,853970,2008-06-30
,,,,,,,,,854052,2008-06-30
,,,,,,,,,854173,2008-06-30
,,,,,,,,,854258,2008-06-30
,,,,,,,,,854351,2008-06-30
,,,,,,,,,854418,2008-06-30
,,,,,,,,,854454,2008-06-30
,,,,,,,,,854520,2008-06-30
,,,,,,,,,854548,2008-06-30
,,,,,,,,,854753,2008-06-30
,,,,,,,,,854847,2008-06-30
,,,,,,,,,855143,2008-06-30
,,,,,,,,,855264,2008-06-30
,,,,,,,,,855303,2008-06-30
,,,,,,,,,855563,2008-06-30
,,,,,,,,,855648,2008-06-30
,,,,,,,,,855741,2008-06-30
,,,,,,,,,855844,2008-06-30
,,,,,,,,,855956,2008-06-30
,,,,,,,,,856140,2008-06-30
,,,,,,,,,856159,2008-06-30
,,,,,,,,,856243,2008-06-30
,,,,,,,,,856337,2008-06-30
,,,,,,,,,856346,2008-06-30
,,,,,,,,,856458,2008-06-30
,,,,,,,,,856542,2008-06-30
,,,,,,,,,856748,2008-06-30
,,,,,,,,,856869,2008-06-30
,,,,,,,,,856944,2008-06-30
,,,,,,,,,857017,2008-06-30
,,,,,,,,,857147,2008-06-30
,,,,,,,,,857259,2008-06-30
,,,,,,,,,857455,2008-06-30
,,,,,,,,,857576,2008-06-30
,,,,,,,,,857745,2008-06-30
,,,,,,,,,857811,2008-06-30
,,,,,,,,,857941,2008-06-30
,,,,,,,,,858153,2008-06-30
,,,,,,,,,858210,2008-06-30
,,,,,,,,,858443,2008-06-30
,,,,,,,,,858452,2008-06-30
,,,,,,,,,858528,2008-06-30
,,,,,,,,,858818,2008-06-30
,,,,,,,,,858854,2008-06-30
,,,,,,,,,859002,2008-06-30
,,,,,,,,,859141,2008-06-30
,,,,,,,,,859150,2008-06-30
,,,,,,,,,859552,2008-06-30
,,,,,,,,,859655,2008-06-30
,,,,,,,,,859712,2008-06-30
,,,,,,,,,859945,2008-06-30
,,,,,,,,,860053,2008-06-30
,,,,,,,,,860147,2008-06-30
,,,,,,,,,860156,2008-06-30
,,,,,,,,,860231,2008-06-30
,,,,,,,,,860259,2008-06-30
,,,,,,,,,860334,2008-06-30
,,,,,,,,,860352,2008-06-30
,,,,,,,,,861153,2008-06-30
,,,,,,,,,861434,2008-06-30
,,,,,,,,,861658,2008-06-30
,,,,,,,,,861742,2008-06-30
,,,,,,,,,861854,2008-06-30
,,,,,,,,,862057,2008-06-30
,,,,,,,,,862141,2008-06-30
,,,,,,,,,862552,2008-06-30
,,,,,,,,,862824,2008-06-30
,,,,,,,,,862945,2008-06-30
,,,,,,,,,863353,2008-06-30
,,,,,,,,,863362,2008-06-30
,,,,,,,,,863607,2008-06-30
,,,,,,,,,863652,2008-06-30
,,,,,,,,,863746,2008-06-30
,,,,,,,,,864248,2008-06-30
,,,,,,,,,864341,2008-06-30
,,,,,,,,,864752,2008-06-30
,,,,,,,,,864846,2008-06-30
,,,,,,,,,864855,2008-06-30
,,,,,,,,,864958,2008-06-30
,,,,,,,,,865142,2008-06-30
,,,,,,,,,865151,2008-06-30
,,,,,,,,,865450,2008-06-30
,,,,,,,,,865544,2008-06-30
,,,,,,,,,865674,2008-06-30
,,,,,,,,,865759,2008-06-30
,,,,,,,,,865852,2008-06-30
,,,,,,,,,866000,2008-06-30
,,,,,,,,,866055,2008-06-30
,,,,,,,,,866121,2008-06-30
,,,,,,,,,866251,2008-06-30
,,,,,,,,,866859,2008-06-30
,,,,,,,,,866943,2008-06-30
,,,,,,,,,867258,2008-06-30
,,,,,,,,,867454,2008-06-30
,,,,,,,,,867632,2008-06-30
,,,,,,,,,867650,2008-06-30
,,,,,,,,,867856,2008-06-30
,,,,,,,,,867940,2008-06-30
,,,,,,,,,868059,2008-06-30
,,,,,,,,,868068,2008-06-30
,,,,,,,,,868376,2008-06-30
,,,,,,,,,868442,2008-06-30
,,,,,,,,,868844,2008-06-30
,,,,,,,,,868956,2008-06-30
,,,,,,,,,869346,2008-06-30
,,,,,,,,,869524,2008-06-30
,,,,,,,,,869551,2008-06-30
,,,,,,,,,869663,2008-06-30
,,,,,,,,,869953,2008-06-30
,,,,,,,,,869971,2008-06-30
,,,,,,,,,870539,2008-06-30
,,,,,,,,,870650,2008-06-30
,,,,,,,,,870856,2008-06-30
,,,,,,,,,870913,2008-06-30
,,,,,,,,,871358,2008-06-30
,,,,,,,,,871648,2008-06-30
,,,,,,,,,871769,2008-06-30
,,,,,,,,,871956,2008-06-30
,,,,,,,,,872047,2008-06-30
,,,,,,,,,872551,2008-06-30
,,,,,,,,,872711,2008-06-30
,,,,,,,,,872953,2008-06-30
,,,,,,,,,873138,2008-06-30
,,,,,,,,,873259,2008-06-30
,,,,,,,,,873679,2008-06-30
,,,,,,,,,873914,2008-06-30
,,,,,,,,,873950,2008-06-30
,,,,,,,,,874050,2008-06-30
,,,,,,,,,874452,2008-06-30
,,,,,,,,,874649,2008-06-30
,,,,,,,,,874845,2008-06-30
,,,,,,,,,875048,2008-06-30
,,,,,,,,,875057,2008-06-30
,,,,,,,,,875132,2008-06-30
,,,,,,,,,875253,2008-06-30
,,,,,,,,,875655,2008-06-30
,,,,,,,,,875758,2008-06-30
,,,,,,,,,875909,2008-06-30
,,,,,,,,,875918,2008-06-30
,,,,,,,,,875936,2008-06-30
,,,,,,,,,875954,2008-06-30
,,,,,,,,,876157,2008-06-30
,,,,,,,,,876465,2008-06-30
,,,,,,,,,876634,2008-06-30
,,,,,,,,,876700,2008-06-30
,,,,,,,,,877015,2008-06-30
,,,,,,,,,877042,2008-06-30
,,,,,,,,,877154,2008-06-30
,,,,,,,,,877350,2008-06-30
,,,,,,,,,877369,2008-06-30
,,,,,,,,,877752,2008-06-30
,,,,,,,,,877958,2008-06-30
,,,,,,,,,879000,2008-06-30
,,,,,,,,,879336,2008-06-30
,,,,,,,,,879439,2008-06-30
,,,,,,,,,879457,2008-06-30
,,,,,,,,,879532,2008-06-30
,,,,,,,,,879550,2008-06-30
,,,,,,,,,879644,2008-06-30
,,,,,,,,,879747,2008-06-30
,,,,,,,,,880332,2008-06-30
,,,,,,,,,880556,2008-06-30
,,,,,,,,,880659,2008-06-30
,,,,,,,,,880855,2008-06-30
,,,,,,,,,881012,2008-06-30
,,,,,,,,,881441,2008-06-30
,,,,,,,,,881478,2008-06-30
,,,,,,,,,881544,2008-06-30
,,,,,,,,,881656,2008-06-30
,,,,,,,,,881852,2008-06-30
,,,,,,,,,881900,2008-06-30
,,,,,,,,,882130,2008-06-30
,,,,,,,,,882242,2008-06-30
,,,,,,,,,882354,2008-06-30
,,,,,,,,,882541,2008-06-30
,,,,,,,,,882701,2008-06-30
,,,,,,,,,882952,2008-06-30
,,,,,,,,,883137,2008-06-30
,,,,,,,,,883351,2008-06-30
,,,,,,,,,883753,2008-06-30
,,,,,,,,,883874,2008-06-30
,,,,,,,,,883959,2008-06-30
,,,,,,,,,884059,2008-06-30
,,,,,,,,,884303,2008-06-30
,,,,,,,,,884358,2008-06-30
,,,,,,,,,884442,2008-06-30
,,,,,,,,,884639,2008-06-30
,,,,,,,,,884648,2008-06-30
,,,,,,,,,884657,2008-06-30
,,,,,,,,,885225,2008-06-30
,,,,,,,,,885252,2008-06-30
,,,,,,,,,885430,2008-06-30
,,,,,,,,,885579,2008-06-30
,,,,,,,,,885869,2008-06-30
,,,,,,,,,886044,2008-06-30
,,,,,,,,,886204,2008-06-30
,,,,,,,,,886624,2008-06-30
,,,,,,,,,887340,2008-06-30
,,,,,,,,,887555,2008-06-30
,,,,,,,,,887827,2008-06-30
,,,,,,,,,887854,2008-06-30
,,,,,,,,,888002,2008-06-30
,,,,,,,,,888141,2008-06-30
,,,,,,,,,888253,2008-06-30
,,,,,,,,,888552,2008-06-30
,,,,,,,,,888833,2008-06-30
,,,,,,,,,888954,2008-06-30
,,,,,,,,,889456,2008-06-30
,,,,,,,,,889652,2008-06-30
,,,,,,,,,890050,2008-06-30
,,,,,,,,,890603,2008-06-30
,,,,,,,,,890649,2008-06-30
,,,,,,,,,890742,2008-06-30
,,,,,,,,,890957,2008-06-30
,,,,,,,,,891226,2008-06-30
,,,,,,,,,891253,2008-06-30
,,,,,,,,,891673,2008-06-30
,,,,,,,,,891721,2008-06-30
,,,,,,,,,892223,2008-06-30
,,,,,,,,,892250,2008-06-30
,,,,,,,,,893248,2008-06-30
,,,,,,,,,893538,2008-06-30
,,,,,,,,,893640,2008-06-30
,,,,,,,,,893855,2008-06-30
,,,,,,,,,894151,2008-06-30
,,,,,,,,,894245,2008-06-30
,,,,,,,,,894348,2008-06-30
,,,,,,,,,894544,2008-06-30
,,,,,,,,,894553,2008-06-30
,,,,,,,,,894834,2008-06-30
,,,,,,,,,894946,2008-06-30
,,,,,,,,,895055,2008-06-30
,,,,,,,,,895448,2008-06-30
,,,,,,,,,895710,2008-06-30
,,,,,,,,,895831,2008-06-30
,,,,,,,,,895952,2008-06-30
,,,,,,,,,896155,2008-06-30
,,,,,,,,,896258,2008-06-30
,,,,,,,,,896427,2008-06-30
,,,,,,,,,896566,2008-06-30
,,,,,,,,,896856,2008-06-30
,,,,,,,,,897237,2008-06-30
,,,,,,,,,897330,2008-06-30
,,,,,,,,,897433,2008-06-30
,,,,,,,,,897451,2008-06-30
,,,,,,,,,897648,2008-06-30
,,,,,,,,,897657,2008-06-30
,,,,,,,,,897853,2008-06-30
,,,,,,,,,898010,2008-06-30
,,,,,,,,,898140,2008-06-30
,,,,,,,,,898458,2008-06-30
,,,,,,,,,898533,2008-06-30
,,,,,,,,,898627,2008-06-30
,,,,,,,,,898850,2008-06-30
,,,,,,,,,899008,2008-06-30
,,,,,,,,,899156,2008-06-30
,,,,,,,,,899343,2008-06-30
,,,,,,,,,899370,2008-06-30
,,,,,,,,,899428,2008-06-30
,,,,,,,,,899455,2008-06-30
,,,,,,,,,899642,2008-06-30
,,,,,,,,,899651,2008-06-30
,,,,,,,,,899736,2008-06-30
,,,,,,,,,899754,2008-06-30
,,,,,,,,,900034,2008-06-30
,,,,,,,,,900146,2008-06-30
,,,,,,,,,900258,2008-06-30
,,,,,,,,,900306,2008-06-30
,,,,,,,,,900454,2008-06-30
,,,,,,,,,900502,2008-06-30
,,,,,,,,,901134,2008-06-30
,,,,,,,,,901358,2008-06-30
,,,,,,,,,901451,2008-06-30
,,,,,,,,,901938,2008-06-30
,,,,,,,,,902645,2008-06-30
,,,,,,,,,902672,2008-06-30
,,,,,,,,,903062,2008-06-30
,,,,,,,,,903240,2008-06-30
,,,,,,,,,903455,2008-06-30
,,,,,,,,,903558,2008-06-30
,,,,,,,,,903754,2008-06-30
,,,,,,,,,903950,2008-06-30
,,,,,,,,,904171,2008-06-30
,,,,,,,,,904359,2008-06-30
,,,,,,,,,904425,2008-06-30
,,,,,,,,,904667,2008-06-30
,,,,,,,,,904845,2008-06-30
,,,,,,,,,904957,2008-06-30
,,,,,,,,,905356,2008-06-30
,,,,,,,,,906063,2008-06-30
,,,,,,,,,906241,2008-06-30
,,,,,,,,,906410,2008-06-30
,,,,,,,,,906559,2008-06-30
,,,,,,,,,906652,2008-06-30
,,,,,,,,,907257,2008-06-30
,,,,,,,,,907444,2008-06-30
,,,,,,,,,907547,2008-06-30
,,,,,,,,,907958,2008-06-30
,,,,,,,,,908450,2008-06-30
,,,,,,,,,908553,2008-06-30
,,,,,,,,,908759,2008-06-30
,,,,,,,,,908861,2008-06-30
,,,,,,,,,909055,2008-06-30
,,,,,,,,,909541,2008-06-30
,,,,,,,,,909756,2008-06-30
,,,,,,,,,910042,2008-06-30
,,,,,,,,,910118,2008-06-30
,,,,,,,,,910239,2008-06-30
,,,,,,,,,910314,2008-06-30
,,,,,,,,,910659,2008-06-30
,,,,,,,,,911160,2008-06-30
,,,,,,,,,911339,2008-06-30
,,,,,,,,,911405,2008-06-30
,,,,,,,,,911740,2008-06-30
,,,,,,,,,911759,2008-06-30
,,,,,,,,,911825,2008-06-30
,,,,,,,,,912550,2008-06-30
,,,,,,,,,912578,2008-06-30
,,,,,,,,,912756,2008-06-30
,,,,,,,,,912943,2008-06-30
,,,,,,,,,913146,2008-06-30
,,,,,,,,,913203,2008-06-30
,,,,,,,,,913267,2008-06-30
,,,,,,,,,913436,2008-06-30
,,,,,,,,,913520,2008-06-30
,,,,,,,,,913641,2008-06-30
,,,,,,,,,913753,2008-06-30
,,,,,,,,,913838,2008-06-30
,,,,,,,,,913856,2008-06-30
,,,,,,,,,913940,2008-06-30
,,,,,,,,,914330,2008-06-30
,,,,,,,,,914349,2008-06-30
,,,,,,,,,914545,2008-06-30
,,,,,,,,,914648,2008-06-30
,,,,,,,,,914853,2008-06-30
,,,,,,,,,914956,2008-06-30
,,,,,,,,,915056,2008-06-30
,,,,,,,,,915065,2008-06-30
,,,,,,,,,915252,2008-06-30
,,,,,,,,,915261,2008-06-30
,,,,,,,,,915645,2008-06-30
,,,,,,,,,915935,2008-06-30
,,,,,,,,,916147,2008-06-30
,,,,,,,,,916259,2008-06-30
,,,,,,,,,916343,2008-06-30
,,,,,,,,,916745,2008-06-30
,,,,,,,,,916857,2008-06-30
,,,,,,,,,917032,2008-06-30
,,,,,,,,,917050,2008-06-30
,,,,,,,,,917331,2008-06-30
,,,,,,,,,917359,2008-06-30
,,,,,,,,,917500,2008-06-30
,,,,,,,,,917555,2008-06-30
,,,,,,,,,917630,2008-06-30
,,,,,,,,,917742,2008-06-30
,,,,,,,,,917854,2008-06-30
,,,,,,,,,918132,2008-06-30
,,,,,,,,,918150,2008-06-30
,,,,,,,,,918356,2008-06-30
,,,,,,,,,918459,2008-06-30
,,,,,,,,,918477,2008-06-30
,,,,,,,,,918655,2008-06-30
,,,,,,,,,918918,2008-06-30
,,,,,,,,,918954,2008-06-30
,,,,,,,,,919241,2008-06-30
,,,,,,,,,919344,2008-06-30
,,,,,,,,,919456,2008-06-30
,,,,,,,,,919568,2008-06-30
,,,,,,,,,919652,2008-06-30
,,,,,,,,,919755,2008-06-30
,,,,,,,,,919858,2008-06-30
,,,,,,,,,919942,2008-06-30
,,,,,,,,,920210,2008-06-30
,,,,,,,,,920359,2008-06-30
,,,,,,,,,920733,2008-06-30
,,,,,,,,,920854,2008-06-30
,,,,,,,,,920975,2008-06-30
,,,,,,,,,921039,2008-06-30
,,,,,,,,,921655,2008-06-30
,,,,,,,,,921833,2008-06-30
,,,,,,,,,921842,2008-06-30
,,,,,,,,,921936,2008-06-30
,,,,,,,,,922157,2008-06-30
,,,,,,,,,922344,2008-06-30
,,,,,,,,,922456,2008-06-30
,,,,,,,,,922559,2008-06-30
,,,,,,,,,922924,2008-06-30
,,,,,,,,,923257,2008-06-30
,,,,,,,,,923350,2008-06-30
,,,,,,,,,923707,2008-06-30
,,,,,,,,,923752,2008-06-30
,,,,,,,,,923855,2008-06-30
,,,,,,,,,923949,2008-06-30
,,,,,,,,,924058,2008-06-30
,,,,,,,,,924236,2008-06-30
,,,,,,,,,924254,2008-06-30
,,,,,,,,,924348,2008-06-30
,,,,,,,,,924357,2008-06-30
,,,,,,,,,924553,2008-06-30
,,,,,,,,,924656,2008-06-30
,,,,,,,,,924759,2008-06-30
,,,,,,,,,924843,2008-06-30
,,,,,,,,,924937,2008-06-30
,,,,,,,,,925037,2008-06-30
,,,,,,,,,925055,2008-06-30
,,,,,,,,,925354,2008-06-30
,,,,,,,,,925411,2008-06-30
,,,,,,,,,925439,2008-06-30
,,,,,,,,,925653,2008-06-30
,,,,,,,,,925710,2008-06-30
,,,,,,,,,925859,2008-06-30
,,,,,,,,,926155,2008-06-30
,,,,,,,,,926342,2008-06-30
,,,,,,,,,926360,2008-06-30
,,,,,,,,,926632,2008-06-30
,,,,,,,,,926650,2008-06-30
,,,,,,,,,926959,2008-06-30
,,,,,,,,,927134,2008-06-30
,,,,,,,,,927255,2008-06-30
,,,,,,,,,927479,2008-06-30
,,,,,,,,,928056,2008-06-30
,,,,,,,,,928421,2008-06-30
,,,,,,,,,928618,2008-06-30
,,,,,,,,,928645,2008-06-30
,,,,,,,,,929044,2008-06-30
,,,,,,,,,929352,2008-06-30
,,,,,,,,,929802,2008-06-30
,,,,,,,,,929932,2008-06-30
,,,,,,,,,930358,2008-06-30
,,,,,,,,,930442,2008-06-30
,,,,,,,,,930853,2008-06-30
,,,,,,,,,930871,2008-06-30
,,,,,,,,,930965,2008-06-30
,,,,,,,,,931038,2008-06-30
,,,,,,,,,931047,2008-06-30
,,,,,,,,,931159,2008-06-30
,,,,,,,,,931207,2008-06-30
,,,,,,,,,931270,2008-06-30
,,,,,,,,,931319,2008-06-30
,,,,,,,,,931355,2008-06-30
,,,,,,,,,931458,2008-06-30
,,,,,,,,,931944,2008-06-30
,,,,,,,,,932277,2008-06-30
,,,,,,,,,932633,2008-06-30
,,,,,,,,,932642,2008-06-30
,,,,,,,,,932745,2008-06-30
,,,,,,,,,932978,2008-06-30
,,,,,,,,,933023,2008-06-30
,,,,,,,,,933041,2008-06-30
,,,,,,,,,933135,2008-06-30
,,,,,,,,,933256,2008-06-30
,,,,,,,,,933340,2008-06-30
,,,,,,,,,933377,2008-06-30
,,,,,,,,,933621,2008-06-30
,,,,,,,,,933863,2008-06-30
,,,,,,,,,933957,2008-06-30
,,,,,,,,,933966,2008-06-30
,,,,,,,,,933975,2008-06-30
,,,,,,,,,934329,2008-06-30
,,,,,,,,,934646,2008-06-30
,,,,,,,,,934954,2008-06-30
,,,,,,,,,935111,2008-06-30
,,,,,,,,,935250,2008-06-30
,,,,,,,,,935308,2008-06-30
,,,,,,,,,935559,2008-06-30
,,,,,,,,,935719,2008-06-30
,,,,,,,,,935858,2008-06-30
,,,,,,,,,936136,2008-06-30
,,,,,,,,,936426,2008-06-30
,,,,,,,,,936462,2008-06-30
,,,,,,,,,936556,2008-06-30
,,,,,,,,,936640,2008-06-30
,,,,,,,,,936837,2008-06-30
,,,,,,,,,936855,2008-06-30
,,,,,,,,,937339,2008-06-30
,,,,,,,,,937553,2008-06-30
,,,,,,,,,937674,2008-06-30
,,,,,,,,,937740,2008-06-30
,,,,,,,,,937759,2008-06-30
,,,,,,,,,937834,2008-06-30
,,,,,,,,,937843,2008-06-30
,,,,,,,,,938354,2008-06-30
,,,,,,,,,938550,2008-06-30
,,,,,,,,,938840,2008-06-30
,,,,,,,,,938859,2008-06-30
,,,,,,,,,939155,2008-06-30
,,,,,,,,,939249,2008-06-30
,,,,,,,,,939351,2008-06-30
,,,,,,,,,939753,2008-06-30
,,,,,,,,,939959,2008-06-30
,,,,,,,,,940021,2008-06-30
,,,,,,,,,940311,2008-06-30
,,,,,,,,,940674,2008-06-30
,,,,,,,,,940731,2008-06-30
,,,,,,,,,940852,2008-06-30
,,,,,,,,,941233,2008-06-30
,,,,,,,,,941457,2008-06-30
,,,,,,,,,941541,2008-06-30
,,,,,,,,,941804,2008-06-30
,,,,,,,,,941952,2008-06-30
,,,,,,,,,942258,2008-06-30
,,,,,,,,,942454,2008-06-30
,,,,,,,,,942539,2008-06-30
,,,,,,,,,942838,2008-06-30
,,,,,,,,,942847,2008-06-30
,,,,,,,,,942874,2008-06-30
,,,,,,,,,942959,2008-06-30
,,,,,,,,,943059,2008-06-30
,,,,,,,,,943143,2008-06-30
,,,,,,,,,943152,2008-06-30
,,,,,,,,,943255,2008-06-30
,,,,,,,,,943675,2008-06-30
,,,,,,,,,943853,2008-06-30
,,,,,,,,,944047,2008-06-30
,,,,,,,,,944337,2008-06-30
,,,,,,,,,944355,2008-06-30
,,,,,,,,,944551,2008-06-30
,,,,,,,,,944627,2008-06-30
,,,,,,,,,944739,2008-06-30
,,,,,,,,,944748,2008-06-30
,,,,,,,,,944935,2008-06-30
,,,,,,,,,945026,2008-06-30
,,,,,,,,,945053,2008-06-30
,,,,,,,,,945343,2008-06-30
,,,,,,,,,945941,2008-06-30
,,,,,,,,,945950,2008-06-30
,,,,,,,,,945969,2008-06-30
,,,,,,,,,946171,2008-06-30
,,,,,,,,,946461,2008-06-30
,,,,,,,,,946555,2008-06-30
,,,,,,,,,947150,2008-06-30
,,,,,,,,,947178,2008-06-30
,,,,,,,,,947525,2008-06-30
,,,,,,,,,947543,2008-06-30
,,,,,,,,,947628,2008-06-30
,,,,,,,,,947655,2008-06-30
,,,,,,,,,947749,2008-06-30
,,,,,,,,,947776,2008-06-30
,,,,,,,,,947842,2008-06-30
,,,,,,,,,948036,2008-06-30
,,,,,,,,,948250,2008-06-30
,,,,,,,,,948278,2008-06-30
,,,,,,,,,948531,2008-06-30
,,,,,,,,,948643,2008-06-30
,,,,,,,,,949154,2008-06-30
,,,,,,,,,949257,2008-06-30
,,,,,,,,,949305,2008-06-30
,,,,,,,,,949453,2008-06-30
,,,,,,,,,949556,2008-06-30
,,,,,,,,,949949,2008-06-30
,,,,,,,,,950141,2008-06-30
,,,,,,,,,950356,2008-06-30
,,,,,,,,,950758,2008-06-30
,,,,,,,,,950936,2008-06-30
,,,,,,,,,951102,2008-06-30
,,,,,,,,,951456,2008-06-30
,,,,,,,,,952172,2008-06-30
,,,,,,,,,952257,2008-06-30
,,,,,,,,,952453,2008-06-30
,,,,,,,,,952846,2008-06-30
,,,,,,,,,953357,2008-06-30
,,,,,,,,,953535,2008-06-30
,,,,,,,,,953843,2008-06-30
,,,,,,,,,953852,2008-06-30
,,,,,,,,,953955,2008-06-30
,,,,,,,,,954158,2008-06-30
,,,,,,,,,954251,2008-06-30
,,,,,,,,,954279,2008-06-30
,,,,,,,,,954457,2008-06-30
,,,,,,,,,954653,2008-06-30
,,,,,,,,,954671,2008-06-30
,,,,,,,,,955548,2008-06-30
,,,,,,,,,955753,2008-06-30
,,,,,,,,,955940,2008-06-30
,,,,,,,,,955959,2008-06-30
,,,,,,,,,956134,2008-06-30
,,,,,,,,,956152,2008-06-30
,,,,,,,,,956255,2008-06-30
,,,,,,,,,956358,2008-06-30
,,,,,,,,,956376,2008-06-30
,,,,,,,,,956527,2008-06-30
,,,,,,,,,956554,2008-06-30
,,,,,,,,,956750,2008-06-30
,,,,,,,,,956938,2008-06-30
,,,,,,,,,956956,2008-06-30
,,,,,,,,,957047,2008-06-30
,,,,,,,,,957056,2008-06-30
,,,,,,,,,957159,2008-06-30
,,,,,,,,,957551,2008-06-30
,,,,,,,,,957757,2008-06-30
,,,,,,,,,958204,2008-06-30
,,,,,,,,,958231,2008-06-30
,,,,,,,,,958558,2008-06-30
,,,,,,,,,958727,2008-06-30
,,,,,,,,,958763,2008-06-30
,,,,,,,,,959443,2008-06-30
,,,,,,,,,959630,2008-06-30
,,,,,,,,,959715,2008-06-30
,,,,,,,,,959779,2008-06-30
,,,,,,,,,960047,2008-06-30
,,,,,,,,,960159,2008-06-30
,,,,,,,,,960430,2008-06-30
,,,,,,,,,960533,2008-06-30
,,,,,,,,,960551,2008-06-30
,,,,,,,,,960560,2008-06-30
,,,,,,,,,960841,2008-06-30
,,,,,,,,,960935,2008-06-30
,,,,,,,,,961259,2008-06-30
,,,,,,,,,961343,2008-06-30
,,,,,,,,,961400,2008-06-30
,,,,,,,,,961446,2008-06-30
,,,,,,,,,961811,2008-06-30
,,,,,,,,,962256,2008-06-30
,,,,,,,,,962265,2008-06-30
,,,,,,,,,962313,2008-06-30
,,,,,,,,,962854,2008-06-30
,,,,,,,,,962966,2008-06-30
,,,,,,,,,963002,2008-06-30
,,,,,,,,,963730,2008-06-30
,,,,,,,,,963945,2008-06-30
,,,,,,,,,963954,2008-06-30
,,,,,,,,,964157,2008-06-30
,,,,,,,,,964250,2008-06-30
,,,,,,,,,964344,2008-06-30
,,,,,,,,,964353,2008-06-30
,,,,,,,,,964643,2008-06-30
,,,,,,,,,964700,2008-06-30
,,,,,,,,,965051,2008-06-30
,,,,,,,,,965220,2008-06-30
,,,,,,,,,965800,2008-06-30
,,,,,,,,,966254,2008-06-30
,,,,,,,,,966348,2008-06-30
,,,,,,,,,966656,2008-06-30
,,,,,,,,,966722,2008-06-30
,,,,,,,,,966731,2008-06-30
,,,,,,,,,967046,2008-06-30
,,,,,,,,,967877,2008-06-30
,,,,,,,,,967943,2008-06-30
,,,,,,,,,967952,2008-06-30
,,,,,,,,,968155,2008-06-30
,,,,,,,,,968249,2008-06-30
,,,,,,,,,968351,2008-06-30
,,,,,,,,,968436,2008-06-30
,,,,,,,,,968557,2008-06-30
,,,,,,,,,968605,2008-06-30
,,,,,,,,,968744,2008-06-30
,,,,,,,,,969059,2008-06-30
,,,,,,,,,969255,2008-06-30
,,,,,,,,,969349,2008-06-30
,,,,,,,,,969424,2008-06-30
,,,,,,,,,969639,2008-06-30
,,,,,,,,,969741,2008-06-30
,,,,,,,,,969844,2008-06-30
,,,,,,,,,969956,2008-06-30
,,,,,,,,,970055,2008-06-30
,,,,,,,,,971379,2008-06-30
,,,,,,,,,971472,2008-06-30
,,,,,,,,,971959,2008-06-30
,,,,,,,,,972143,2008-06-30
,,,,,,,,,972237,2008-06-30
,,,,,,,,,972406,2008-06-30
,,,,,,,,,972648,2008-06-30
,,,,,,,,,972732,2008-06-30
,,,,,,,,,972750,2008-06-30
,,,,,,,,,972769,2008-06-30
,,,,,,,,,972862,2008-06-30
,,,,,,,,,973056,2008-06-30
,,,,,,,,,973140,2008-06-30
,,,,,,,,,973252,2008-06-30
,,,,,,,,,973364,2008-06-30
,,,,,,,,,974213,2008-06-30
,,,,,,,,,974343,2008-06-30
,,,,,,,,,974558,2008-06-30
,,,,,,,,,974754,2008-06-30
,,,,,,,,,974866,2008-06-30
,,,,,,,,,975153,2008-06-30
,,,,,,,,,975256,2008-06-30
,,,,,,,,,975452,2008-06-30
,,,,,,,,,975555,2008-06-30
,,,,,,,,,975751,2008-06-30
,,,,,,,,,975854,2008-06-30
,,,,,,,,,975911,2008-06-30
,,,,,,,,,976057,2008-06-30
,,,,,,,,,976226,2008-06-30
,,,,,,,,,976347,2008-06-30
,,,,,,,,,976477,2008-06-30
,,,,,,,,,976534,2008-06-30
,,,,,,,,,976552,2008-06-30
,,,,,,,,,976703,2008-06-30
,,,,,,,,,976842,2008-06-30
,,,,,,,,,976954,2008-06-30
,,,,,,,,,977036,2008-06-30
,,,,,,,,,977045,2008-06-30
,,,,,,,,,977250,2008-06-30
,,,,,,,,,977616,2008-06-30
,,,,,,,,,977652,2008-06-30
,,,,,,,,,977942,2008-06-30
,,,,,,,,,977951,2008-06-30
,,,,,,,,,978051,2008-06-30
,,,,,,,,,978118,2008-06-30
,,,,,,,,,978154,2008-06-30
,,,,,,,,,978239,2008-06-30
,,,,,,,,,978323,2008-06-30
,,,,,,,,,978369,2008-06-30
,,,,,,,,,978417,2008-06-30
,,,,,,,,,978622,2008-06-30
,,,,,,,,,978659,2008-06-30
,,,,,,,,,979133,2008-06-30
,,,,,,,,,979151,2008-06-30
,,,,,,,,,979357,2008-06-30
,,,,,,,,,979629,2008-06-30
,,,,,,,,,979759,2008-06-30
,,,,,,,,,980045,2008-06-30
,,,,,,,,,980157,2008-06-30
,,,,,,,,,980344,2008-06-30
,,,,,,,,,980438,2008-06-30
,,,,,,,,,980531,2008-06-30
,,,,,,,,,980661,2008-06-30
,,,,,,,,,980951,2008-06-30
,,,,,,,,,980960,2008-06-30
,,,,,,,,,981350,2008-06-30
,,,,,,,,,981453,2008-06-30
,,,,,,,,,982142,2008-06-30
,,,,,,,,,982263,2008-06-30
,,,,,,,,,982348,2008-06-30
,,,,,,,,,982553,2008-06-30
,,,,,,,,,982731,2008-06-30
,,,,,,,,,982937,2008-06-30
,,,,,,,,,983055,2008-06-30
,,,,,,,,,983130,2008-06-30
,,,,,,,,,983158,2008-06-30
,,,,,,,,,983215,2008-06-30
,,,,,,,,,983448,2008-06-30
,,,,,,,,,983457,2008-06-30
,,,,,,,,,983550,2008-06-30
,,,,,,,,,984258,2008-06-30
,,,,,,,,,984351,2008-06-30
,,,,,,,,,984379,2008-06-30
,,,,,,,,,984454,2008-06-30
,,,,,,,,,984650,2008-06-30
,,,,,,,,,984856,2008-06-30
,,,,,,,,,985451,2008-06-30
,,,,,,,,,985554,2008-06-30
,,,,,,,,,985657,2008-06-30
,,,,,,,,,986159,2008-06-30
,,,,,,,,,986551,2008-06-30
,,,,,,,,,986739,2008-06-30
,,,,,,,,,986757,2008-06-30
,,,,,,,,,986935,2008-06-30
,,,,,,,,,987053,2008-06-30
,,,,,,,,,987231,2008-06-30
,,,,,,,,,987259,2008-06-30
,,,,,,,,,987352,2008-06-30
,,,,,,,,,987651,2008-06-30
,,,,,,,,,987848,2008-06-30
,,,,,,,,,988144,2008-06-30
,,,,,,,,,988153,2008-06-30
,,,,,,,,,988256,2008-06-30
,,,,,,,,,988452,2008-06-30
,,,,,,,,,988658,2008-06-30
,,,,,,,,,988845,2008-06-30
,,,,,,,,,989141,2008-06-30
,,,,,,,,,989347,2008-06-30
,,,,,,,,,989356,2008-06-30
,,,,,,,,,989534,2008-06-30
,,,,,,,,,989655,2008-06-30
,,,,,,,,,989730,2008-06-30
,,,,,,,,,989758,2008-06-30
,,,,,,,,,989851,2008-06-30
,,,,,,,,,990053,2008-06-30
,,,,,,,,,990352,2008-06-30
,,,,,,,,,990642,2008-06-30
,,,,,,,,,991041,2008-06-30
,,,,,,,,,991135,2008-06-30
,,,,,,,,,991340,2008-06-30
,,,,,,,,,991359,2008-06-30
,,,,,,,,,991555,2008-06-30
,,,,,,,,,991621,2008-06-30
,,,,,,,,,991854,2008-06-30
,,,,,,,,,992057,2008-06-30
,,,,,,,,,992851,2008-06-30
,,,,,,,,,993250,2008-06-30
,,,,,,,,,993335,2008-06-30
,,,,,,,,,993353,2008-06-30
,,,,,,,,,993652,2008-06-30
,,,,,,,,,994435,2008-06-30
,,,,,,,,,994565,2008-06-30
,,,,,,,,,995076,2008-06-30
,,,,,,,,,995450,2008-06-30
,,,,,,,,,995517,2008-06-30
,,,,,,,,,995571,2008-06-30
,,,,,,,,,995674,2008-06-30
,,,,,,,,,995955,2008-06-30
,,,,,,,,,996251,2008-06-30
,,,,,,,,,996260,2008-06-30
,,,,,,,,,996457,2008-06-30
,,,,,,,,,997052,2008-06-30
,,,,,,,,,997155,2008-06-30
,,,,,,,,,997333,2008-06-30
,,,,,,,,,997557,2008-06-30
,,,,,,,,,997650,2008-06-30
,,,,,,,,,997847,2008-06-30
,,,,,,,,,997856,2008-06-30
,,,,,,,,,998358,2008-06-30
,,,,,,,,,998554,2008-06-30
,,,,,,,,,998648,2008-06-30
,,,,,,,,,998657,2008-06-30
,,,,,,,,,998750,2008-06-30
,,,,,,,,,998844,2008-06-30
,,,,,,,,,998974,2008-06-30
,,,,,,,,,999355,2008-06-30
,,,,,,,,,999430,2008-06-30
,,,,,,,,,999935,2008-06-30
,,,,,,,,,1000052,2008-06-30
,,,,,,,,,1000100,2008-06-30
,,,,,,,,,1000276,2008-06-30
,,,,,,,,,1000511,2008-06-30
,,,,,,,,,1000557,2008-06-30
,,,,,,,,,1000641,2008-06-30
,,,,,,,,,1000856,2008-06-30
,,,,,,,,,1000959,2008-06-30
,,,,,,,,,1001059,2008-06-30
,,,,,,,,,1001152,2008-06-30
,,,,,,,,,1001451,2008-06-30
,,,,,,,,,1001639,2008-06-30
,,,,,,,,,1001648,2008-06-30
,,,,,,,,,1001705,2008-06-30
,,,,,,,,,1001817,2008-06-30
,,,,,,,,,1001853,2008-06-30
,,,,,,,,,1002355,2008-06-30
,,,,,,,,,1002373,2008-06-30
,,,,,,,,,1002430,2008-06-30
,,,,,,,,,1002458,2008-06-30
,,,,,,,,,1002618,2008-06-30
,,,,,,,,,1002850,2008-06-30
,,,,,,,,,1002878,2008-06-30
,,,,,,,,,1002953,2008-06-30
,,,,,,,,,1003455,2008-06-30
,,,,,,,,,1003549,2008-06-30
,,,,,,,,,1003558,2008-06-30
,,,,,,,,,1003839,2008-06-30
,,,,,,,,,1003950,2008-06-30
,,,,,,,,,1004256,2008-06-30
,,,,,,,,,1004265,2008-06-30
,,,,,,,,,1004368,2008-06-30
,,,,,,,,,1004470,2008-06-30
,,,,,,,,,1005440,2008-06-30
,,,,,,,,,1005459,2008-06-30
,,,,,,,,,1005552,2008-06-30
,,,,,,,,,1005655,2008-06-30
,,,,,,,,,1005758,2008-06-30
,,,,,,,,,1005851,2008-06-30
,,,,,,,,,1005860,2008-06-30
,,,,,,,,,1006148,2008-06-30
,,,,,,,,,1006157,2008-06-30
,,,,,,,,,1006344,2008-06-30
,,,,,,,,,1006513,2008-06-30
,,,,,,,,,1006559,2008-06-30
,,,,,,,,,1006577,2008-06-30
,,,,,,,,,1006652,2008-06-30
,,,,,,,,,1006670,2008-06-30
,,,,,,,,,1006858,2008-06-30
,,,,,,,,,1006951,2008-06-30
,,,,,,,,,1007015,2008-06-30
,,,,,,,,,1007051,2008-06-30
,,,,,,,,,1007145,2008-06-30
,,,,,,,,,1007154,2008-06-30
,,,,,,,,,1007417,2008-06-30
,,,,,,,,,1007659,2008-06-30
,,,,,,,,,1007734,2008-06-30
,,,,,,,,,1007752,2008-06-30
,,,,,,,,,1007819,2008-06-30
,,,,,,,,,1007846,2008-06-30
,,,,,,,,,1007930,2008-06-30
,,,,,,,,,1007958,2008-06-30
,,,,,,,,,1008076,2008-06-30
,,,,,,,,,1008133,2008-06-30
,,,,,,,,,1008151,2008-06-30
,,,,,,,,,1008209,2008-06-30
,,,,,,,,,1008432,2008-06-30
,,,,,,,,,1008450,2008-06-30
,,,,,,,,,1008553,2008-06-30
,,,,,,,,,1008674,2008-06-30
,,,,,,,,,1008731,2008-06-30
,,,,,,,,,1008955,2008-06-30
,,,,,,,,,1009055,2008-06-30
,,,,,,,,,1009242,2008-06-30
,,,,,,,,,1009354,2008-06-30
,,,,,,,,,1009420,2008-06-30
,,,,,,,,,1009541,2008-06-30
,,,,,,,,,1009756,2008-06-30
,,,,,,,,,1009804,2008-06-30
,,,,,,,,,1009813,2008-06-30
,,,,,,,,,1009831,2008-06-30
,,,,,,,,,1009840,2008-06-30
,,,,,,,,,1009952,2008-06-30
,,,,,,,,,1010015,2008-06-30
,,,,,,,,,1010051,2008-06-30
,,,,,,,,,1010930,2008-06-30
,,,,,,,,,1011432,2008-06-30
,,,,,,,,,1011526,2008-06-30
,,,,,,,,,1011553,2008-06-30
,,,,,,,,,1011638,2008-06-30
,,,,,,,,,1011656,2008-06-30
,,,,,,,,,1011852,2008-06-30
,,,,,,,,,1011955,2008-06-30
,,,,,,,,,1012055,2008-06-30
,,,,,,,,,1012251,2008-06-30
,,,,,,,,,1012354,2008-06-30
,,,,,,,,,1012457,2008-06-30
,,,,,,,,,1012671,2008-06-30
,,,,,,,,,1012859,2008-06-30
,,,,,,,,,1013070,2008-06-30
,,,,,,,,,1013650,2008-06-30
,,,,,,,,,1013735,2008-06-30
,,,,,,,,,1013744,2008-06-30
,,,,,,,,,1013856,2008-06-30
,,,,,,,,,1014059,2008-06-30
,,,,,,,,,1014125,2008-06-30
,,,,,,,,,1014246,2008-06-30
,,,,,,,,,1014255,2008-06-30
,,,,,,,,,1014376,2008-06-30
,,,,,,,,,1014451,2008-06-30
,,,,,,,,,1014554,2008-06-30
,,,,,,,,,1014657,2008-06-30
,,,,,,,,,1014778,2008-06-30
,,,,,,,,,1014844,2008-06-30
,,,,,,,,,1014853,2008-06-30
,,,,,,,,,1014965,2008-06-30
,,,,,,,,,1015056,2008-06-30
,,,,,,,,,1015177,2008-06-30
,,,,,,,,,1015243,2008-06-30
,,,,,,,,,1015252,2008-06-30
,,,,,,,,,1015458,2008-06-30
,,,,,,,,,1015467,2008-06-30
,,,,,,,,,1015560,2008-06-30
,,,,,,,,,1015832,2008-06-30
,,,,,,,,,1015841,2008-06-30
,,,,,,,,,1015850,2008-06-30
,,,,,,,,,1016231,2008-06-30
,,,,,,,,,1016259,2008-06-30
,,,,,,,,,1016558,2008-06-30
,,,,,,,,,1016718,2008-06-30
,,,,,,,,,1016848,2008-06-30
,,,,,,,,,1016857,2008-06-30
,,,,,,,,,1016941,2008-06-30
,,,,,,,,,1017032,2008-06-30
,,,,,,,,,1017256,2008-06-30
,,,,,,,,,1017274,2008-06-30
,,,,,,,,,1017425,2008-06-30
,,,,,,,,,1017555,2008-06-30
,,,,,,,,,1017564,2008-06-30
,,,,,,,,,1017854,2008-06-30
,,,,,,,,,1017939,2008-06-30
,,,,,,,,,1017957,2008-06-30
,,,,,,,,,1018927,2008-06-30
,,,,,,,,,1156397,2008-06-30
,,,,,,,,,1157219,2008-06-30
,,,,,,,,,1157415,2008-06-30
,,,,,,,,,1158832,2008-06-30
,,,,,,,,,1158878,2008-06-30
,,,,,,,,,1159996,2008-06-30
,,,,,,,,,1160152,2008-06-30
,,,,,,,,,1160161,2008-06-30
,,,,,,,,,1160509,2008-06-30
,,,,,,,,,1160732,2008-06-30
,,,,,,,,,1160853,2008-06-30
,,,,,,,,,1161029,2008-06-30
,,,,,,,,,1161216,2008-06-30
,,,,,,,,,1162017,2008-06-30
,,,,,,,,,1162530,2008-06-30
,,,,,,,,,1164329,2008-06-30
,,,,,,,,,1164347,2008-06-30
,,,,,,,,,1164730,2008-06-30
,,,,,,,,,1165531,2008-06-30
,,,,,,,,,1165540,2008-06-30
,,,,,,,,,1166060,2008-06-30
,,,,,,,,,1166435,2008-06-30
,,,,,,,,,1169650,2008-06-30
,,,,,,,,,1176920,2008-06-30
,,,,,,,,,1186956,2008-06-30
,,,,,,,,,1186965,2008-06-30
,,,,,,,,,1187001,2008-06-30
,,,,,,,,,1187029,2008-06-30
,,,,,,,,,1187391,2008-06-30
,,,,,,,,,1187494,2008-06-30
,,,,,,,,,1187551,2008-06-30
,,,,,,,,,1188772,2008-06-30
,,,,,,,,,1188987,2008-06-30
,,,,,,,,,1189041,2008-06-30
,,,,,,,,,1189993,2008-06-30
,,,,,,,,,1190001,2008-06-30
,,,,,,,,,1190074,2008-06-30
,,,,,,,,,1190476,2008-06-30
,,,,,,,,,1191352,2008-06-30
,,,,,,,,,1191446,2008-06-30
,,,,,,,,,1191482,2008-06-30
,,,,,,,,,1198605,2008-06-30
,,,,,,,,,1198614,2008-06-30
,,,,,,,,,1198641,2008-06-30
,,,,,,,,,1211371,2008-06-30
,,,,,,,,,1213777,2008-06-30
,,,,,,,,,1215726,2008-06-30
,,,,,,,,,1216059,2008-06-30
,,,,,,,,,1216321,2008-06-30
,,,,,,,,,1216808,2008-06-30
,,,,,,,,,1216826,2008-06-30
,,,,,,,,,1216974,2008-06-30
,,,,,,,,,1216992,2008-06-30
,,,,,,,,,1218165,2008-06-30
,,,,,,,,,1218446,2008-06-30
,,,,,,,,,1219591,2008-06-30
,,,,,,,,,1221558,2008-06-30
,,,,,,,,,1222519,2008-06-30
,,,,,,,,,1222948,2008-06-30
,,,,,,,,,1224812,2008-06-30
,,,,,,,,,1225033,2008-06-30
,,,,,,,,,1225752,2008-06-30
,,,,,,,,,1225761,2008-06-30
,,,,,,,,,1225798,2008-06-30
,,,,,,,,,1225800,2008-06-30
,,,,,,,,,1228034,2008-06-30
,,,,,,,,,1229198,2008-06-30
,,,,,,,,,1229424,2008-06-30
,,,,,,,,,1293078,2008-06-30
,,,,,,,,,1349890,2008-06-30
,,,,,,,,,1356115,2008-06-30
,,,,,,,,,1356526,2008-06-30
,,,,,,,,,1356535,2008-06-30
,,,,,,,,,1356768,2008-06-30
,,,,,,,,,1356852,2008-06-30
,,,,,,,,,1357466,2008-06-30
,,,,,,,,,1362246,2008-06-30
,,,,,,,,,1366909,2008-06-30
,,,,,,,,,1367858,2008-06-30
,,,,,,,,,1369870,2008-06-30
,,,,,,,,,1377521,2008-06-30
,,,,,,,,,1386251,2008-06-30
,,,,,,,,,1390324,2008-06-30
,,,,,,,,,1391170,2008-06-30
,,,,,,,,,1391778,2008-06-30
,,,,,,,,,1393624,2008-06-30
,,,,,,,,,1394621,2008-06-30
,,,,,,,,,1394676,2008-06-30
,,,,,,,,,1396483,2008-06-30
,,,,,,,,,1396700,2008-06-30
,,,,,,,,,1396764,2008-06-30
,,,,,,,,,1397471,2008-06-30
,,,,,,,,,1398580,2008-06-30
,,,,,,,,,1401387,2008-06-30
,,,,,,,,,1401547,2008-06-30
,,,,,,,,,1401686,2008-06-30
,,,,,,,,,1401891,2008-06-30
,,,,,,,,,1401903,2008-06-30
,,,,,,,,,1402384,2008-06-30
,,,,,,,,,1402405,2008-06-30
,,,,,,,,,1402610,2008-06-30
,,,,,,,,,1402629,2008-06-30
,,,,,,,,,1402638,2008-06-30
,,,,,,,,,1404463,2008-06-30
,,,,,,,,,1404481,2008-06-30
,,,,,,,,,1404883,2008-06-30
,,,,,,,,,1404940,2008-06-30
,,,,,,,,,1406980,2008-06-30
,,,,,,,,,1407512,2008-06-30
,,,,,,,,,1407521,2008-06-30
,,,,,,,,,1407530,2008-06-30
,,,,,,,,,1407932,2008-06-30
,,,,,,,,,1408069,2008-06-30
,,,,,,,,,1411032,2008-06-30
,,,,,,,,,1412619,2008-06-30
,,,,,,,,,1412712,2008-06-30
,,,,,,,,,1414819,2008-06-30
,,,,,,,,,1416327,2008-06-30
,,,,,,,,,1418255,2008-06-30
,,,,,,,,,1421040,2008-06-30
,,,,,,,,,1421095,2008-06-30
,,,,,,,,,1421161,2008-06-30
,,,,,,,,,1422980,2008-06-30
,,,,,,,,,1427770,2008-06-30
,,,,,,,,,1429028,2008-06-30
,,,,,,,,,1434826,2008-06-30
,,,,,,,,,1435092,2008-06-30
,,,,,,,,,1435412,2008-06-30
,,,,,,,,,1436071,2008-06-30
,,,,,,,,,1436204,2008-06-30
,,,,,,,,,1436473,2008-06-30
,,,,,,,,,1438589,2008-06-30
,,,,,,,,,1439054,2008-06-30
,,,,,,,,,1439456,2008-06-30
,,,,,,,,,1440117,2008-06-30
,,,,,,,,,1441600,2008-06-30
,,,,,,,,,1442661,2008-06-30
,,,,,,,,,1443266,2008-06-30
,,,,,,,,,1444021,2008-06-30
,,,,,,,,,1444580,2008-06-30
,,,,,,,,,1445037,2008-06-30
,,,,,,,,,1445121,2008-06-30
,,,,,,,,,1445943,2008-06-30
,,,,,,,,,1447639,2008-06-30
,,,,,,,,,1450620,2008-06-30
,,,,,,,,,1451636,2008-06-30
,,,,,,,,,1456501,2008-06-30
,,,,,,,,,1457003,2008-06-30
,,,,,,,,,1458608,2008-06-30
,,,,,,,,,1459034,2008-06-30
,,,,,,,,,1459575,2008-06-30
,,,,,,,,,1459717,2008-06-30
,,,,,,,,,1459735,2008-06-30
,,,,,,,,,1459799,2008-06-30
,,,,,,,,,1462986,2008-06-30
,,,,,,,,,1463705,2008-06-30
,,,,,,,,,1464122,2008-06-30
,,,,,,,,,1466489,2008-06-30
,,,,,,,,,1469677,2008-06-30
,,,,,,,,,1470150,2008-06-30
,,,,,,,,,1471577,2008-06-30
,,,,,,,,,1473496,2008-06-30
,,,,,,,,,1474309,2008-06-30
,,,,,,,,,1478222,2008-06-30
,,,,,,,,,1478231,2008-06-30
,,,,,,,,,1478307,2008-06-30
,,,,,,,,,1479470,2008-06-30
,,,,,,,,,1479676,2008-06-30
,,,,,,,,,1480207,2008-06-30
,,,,,,,,,1481745,2008-06-30
,,,,,,,,,1481754,2008-06-30
,,,,,,,,,1484595,2008-06-30
,,,,,,,,,1492817,2008-06-30
,,,,,,,,,1494240,2008-06-30
,,,,,,,,,1494482,2008-06-30
,,,,,,,,,1494914,2008-06-30
,,,,,,,,,1496150,2008-06-30
,,,,,,,,,1516348,2008-06-30
,,,,,,,,,1516423,2008-06-30
,,,,,,,,,1629903,2008-06-30
,,,,,,,,,1718188,2008-06-30
,,,,,,,,,1819366,2008-06-30
,,,,,,,,,1820979,2008-06-30
,,,,,,,,,1821976,2008-06-30
,,,,,,,,,1826382,2008-06-30
,,,,,,,,,1830035,2008-06-30
,,,,,,,,,1836701,2008-06-30
,,,,,,,,,1842065,2008-06-30
,,,,,,,,,1852569,2008-06-30
,,,,,,,,,1857377,2008-06-30
,,,,,,,,,1861927,2008-06-30
,,,,,,,,,1862719,2008-06-30
,,,,,,,,,1863097,2008-06-30
,,,,,,,,,1864197,2008-06-30
,,,,,,,,,1864601,2008-06-30
,,,,,,,,,1865680,2008-06-30
,,,,,,,,,1866762,2008-06-30
,,,,,,,,,1867983,2008-06-30
,,,,,,,,,1872941,2008-06-30
,,,,,,,,,1872996,2008-06-30
,,,,,,,,,1877665,2008-06-30
,,,,,,,,,1879016,2008-06-30
,,,,,,,,,1879043,2008-06-30
,,,,,,,,,1882070,2008-06-30
,,,,,,,,,1885848,2008-06-30
,,,,,,,,,1885932,2008-06-30
,,,,,,,,,1890374,2008-06-30
,,,,,,,,,1890525,2008-06-30
,,,,,,,,,1890598,2008-06-30
,,,,,,,,,1892154,2008-06-30
,,,,,,,,,1897168,2008-06-30
,,,,,,,,,1897270,2008-06-30
,,,,,,,,,1898419,2008-06-30
,,,,,,,,,1899902,2008-06-30
,,,,,,,,,1900675,2008-06-30
,,,,,,,,,1904020,2008-06-30
,,,,,,,,,1906172,2008-06-30
,,,,,,,,,1907599,2008-06-30
,,,,,,,,,1908082,2008-06-30
,,,,,,,,,1914421,2008-06-30
,,,,,,,,,1916751,2008-06-30
,,,,,,,,,1917301,2008-06-30
,,,,,,,,,1918344,2008-06-30
,,,,,,,,,1929247,2008-06-30
,,,,,,,,,1933927,2008-06-30
,,,,,,,,,1940747,2008-06-30
,,,,,,,,,1945247,2008-06-30
,,,,,,,,,1962888,2008-06-30
,,,,,,,,,1972298,2008-06-30
,,,,,,,,,1973129,2008-06-30
,,,,,,,,,1977248,2008-06-30
,,,,,,,,,1996762,2008-06-30
,,,,,,,,,1998775,2008-06-30
,,,,,,,,,2002222,2008-06-30
,,,,,,,,,2006024,2008-06-30
,,,,,,,,,2007991,2008-06-30
,,,,,,,,,2009605,2008-06-30
,,,,,,,,,2010722,2008-06-30
,,,,,,,,,2017570,2008-06-30
,,,,,,,,,2019453,2008-06-30
,,,,,,,,,2033123,2008-06-30
,,,,,,,,,2037185,2008-06-30
,,,,,,,,,2038717,2008-06-30
,,,,,,,,,2044811,2008-06-30
,,,,,,,,,2044820,2008-06-30
,,,,,,,,,2045694,2008-06-30
,,,,,,,,,2047504,2008-06-30
,,,,,,,,,2051127,2008-06-30
,,,,,,,,,2059758,2008-06-30
,,,,,,,,,2068107,2008-06-30
,,,,,,,,,2068134,2008-06-30
,,,,,,,,,2078290,2008-06-30
,,,,,,,,,2085177,2008-06-30
,,,,,,,,,2087845,2008-06-30
,,,,,,,,,2107341,2008-06-30
,,,,,,,,,2108348,2008-06-30
,,,,,,,,,2110640,2008-06-30
,,,,,,,,,2111553,2008-06-30
,,,,,,,,,2114282,2008-06-30
,,,,,,,,,2119773,2008-06-30
,,,,,,,,,2121196,2008-06-30
,,,,,,,,,2122997,2008-06-30
,,,,,,,,,2123930,2008-06-30
,,,,,,,,,2129008,2008-06-30
,,,,,,,,,2132594,2008-06-30
,,,,,,,,,2132941,2008-06-30
,,,,,,,,,2140348,2008-06-30
,,,,,,,,,2142016,2008-06-30
,,,,,,,,,2142155,2008-06-30
,,,,,,,,,2145389,2008-06-30
,,,,,,,,,2146023,2008-06-30
,,,,,,,,,2158389,2008-06-30
,,,,,,,,,2160654,2008-06-30
,,,,,,,,,2163477,2008-06-30
,,,,,,,,,2164111,2008-06-30
,,,,,,,,,2171100,2008-06-30
,,,,,,,,,2197098,2008-06-30
,,,,,,,,,2209553,2008-06-30
,,,,,,,,,2216663,2008-06-30
,,,,,,,,,2232757,2008-06-30
,,,,,,,,,2233875,2008-06-30
,,,,,,,,,2235244,2008-06-30
,,,,,,,,,2236821,2008-06-30
,,,,,,,,,2239288,2008-06-30
,,,,,,,,,2239372,2008-06-30
,,,,,,,,,2243977,2008-06-30
,,,,,,,,,2253725,2008-06-30
,,,,,,,,,2253891,2008-06-30
,,,,,,,,,2262718,2008-06-30
,,,,,,,,,2263313,2008-06-30
,,,,,,,,,2265335,2008-06-30
,,,,,,,,,2265456,2008-06-30
,,,,,,,,,2267012,2008-06-30
,,,,,,,,,2267683,2008-06-30
,,,,,,,,,2269847,2008-06-30
,,,,,,,,,2273385,2008-06-30
,,,,,,,,,2280552,2008-06-30
,,,,,,,,,2281371,2008-06-30
,,,,,,,,,2285708,2008-06-30
,,,,,,,,,2286554,2008-06-30
,,,,,,,,,2289537,2008-06-30
,,,,,,,,,2290122,2008-06-30
,,,,,,,,,2290887,2008-06-30
,,,,,,,,,2292368,2008-06-30
,,,,,,,,,2297073,2008-06-30
,,,,,,,,,2297998,2008-06-30
,,,,,,,,,2298995,2008-06-30
,,,,,,,,,2302379,2008-06-30
,,,,,,,,,2303086,2008-06-30
,,,,,,,,,2304234,2008-06-30
,,,,,,,,,2304382,2008-06-30
,,,,,,,,,2304636,2008-06-30
,,,,,,,,,2305969,2008-06-30
,,,,,,,,,2308326,2008-06-30
,,,,,,,,,2316714,2008-06-30
,,,,,,,,,2317672,2008-06-30
,,,,,,,,,2319676,2008-06-30
,,,,,,,,,2325882,2008-06-30
,,,,,,,,,2328137,2008-06-30
,,,,,,,,,2328249,2008-06-30
,,,,,,,,,2328285,2008-06-30
,,,,,,,,,2329200,2008-06-30
,,,,,,,,,2330895,2008-06-30
,,,,,,,,,2331838,2008-06-30
,,,,,,,,,2332666,2008-06-30
,,,,,,,,,2332808,2008-06-30
,,,,,,,,,2332910,2008-06-30
,,,,,,,,,2333140,2008-06-30
,,,,,,,,,2333298,2008-06-30
,,,,,,,,,2337335,2008-06-30
,,,,,,,,,2339535,2008-06-30
,,,,,,,,,2339599,2008-06-30
,,,,,,,,,2339795,2008-06-30
,,,,,,,,,2339900,2008-06-30
,,,,,,,,,2339964,2008-06-30
,,,,,,,,,2340205,2008-06-30
,,,,,,,,,2342160,2008-06-30
,,,,,,,,,2343167,2008-06-30
,,,,,,,,,2344753,2008-06-30
,,,,,,,,,2347044,2008-06-30
,,,,,,,,,2349301,2008-06-30
,,,,,,,,,2349459,2008-06-30
,,,,,,,,,2352235,2008-06-30
,,,,,,,,,2352507,2008-06-30
,,,,,,,,,2353595,2008-06-30
,,,,,,,,,2354314,2008-06-30
,,,,,,,,,2354323,2008-06-30
,,,,,,,,,2354387,2008-06-30
,,,,,,,,,2354985,2008-06-30
,,,,,,,,,2356091,2008-06-30
,,,,,,,,,2356710,2008-06-30
,,,,,,,,,2358769,2008-06-30
,,,,,,,,,2360904,2008-06-30
,,,,,,,,,2361901,2008-06-30
,,,,,,,,,2362074,2008-06-30
,,,,,,,,,2362458,2008-06-30
,,,,,,,,,2370994,2008-06-30
,,,,,,,,,2371508,2008-06-30
,,,,,,,,,2371816,2008-06-30
,,,,,,,,,2372774,2008-06-30
,,,,,,,,,2374901,2008-06-30
,,,,,,,,,2376464,2008-06-30
,,,,,,,,,2380470,2008-06-30
,,,,,,,,,2382308,2008-06-30
,,,,,,,,,2383882,2008-06-30
,,,,,,,,,2383903,2008-06-30
,,,,,,,,,2385514,2008-06-30
,,,,,,,,,2388784,2008-06-30
,,,,,,,,,2389857,2008-06-30
,,,,,,,,,2390929,2008-06-30
,,,,,,,,,2391252,2008-06-30
,,,,,,,,,2391494,2008-06-30
,,,,,,,,,2391588,2008-06-30
,,,,,,,,,2392950,2008-06-30
,,,,,,,,,2396547,2008-06-30
,,,,,,,,,2396592,2008-06-30
,,,,,,,,,2396604,2008-06-30
,,,,,,,,,2397713,2008-06-30
,,,,,,,,,2398596,2008-06-30
,,,,,,,,,2398701,2008-06-30
,,,,,,,,,2399119,2008-06-30
,,,,,,,,,2409997,2008-06-30
,,,,,,,,,2412072,2008-06-30
,,,,,,,,,2413510,2008-06-30
,,,,,,,,,2434113,2008-06-30
,,,,,,,,,2435615,2008-06-30
,,,,,,,,,2435660,2008-06-30
,,,,,,,,,2443535,2008-06-30
,,,,,,,,,2445052,2008-06-30
,,,,,,,,,2446152,2008-06-30
,,,,,,,,,2451240,2008-06-30
,,,,,,,,,2451482,2008-06-30
,,,,,,,,,2453132,2008-06-30
,,,,,,,,,2454607,2008-06-30
,,,,,,,,,2454867,2008-06-30
,,,,,,,,,2458119,2008-06-30
,,,,,,,,,2465881,2008-06-30
,,,,,,,,,2467670,2008-06-30
,,,,,,,,,2468097,2008-06-30
,,,,,,,,,2471239,2008-06-30
,,,,,,,,,2472508,2008-06-30
,,,,,,,,,2473354,2008-06-30
,,,,,,,,,2479310,2008-06-30
,,,,,,,,,2479477,2008-06-30
,,,,,,,,,2480512,2008-06-30
,,,,,,,,,2480790,2008-06-30
,,,,,,,,,2481210,2008-06-30
,,,,,,,,,2482374,2008-06-30
,,,,,,,,,2482824,2008-06-30
,,,,,,,,,2482851,2008-06-30
,,,,,,,,,2483120,2008-06-30
,,,,,,,,,2483438,2008-06-30
,,,,,,,,,2485544,2008-06-30
,,,,,,,,,2488956,2008-06-30
,,,,,,,,,2490285,2008-06-30
,,,,,,,,,2491291,2008-06-30
,,,,,,,,,2493110,2008-06-30
,,,,,,,,,2493697,2008-06-30
,,,,,,,,,2496081,2008-06-30
,,,,,,,,,2497181,2008-06-30
,,,,,,,,,2498786,2008-06-30
,,,,,,,,,2502656,2008-06-30
,,,,,,,,,2502825,2008-06-30
,,,,,,,,,2503345,2008-06-30
,,,,,,,,,2505424,2008-06-30
,,,,,,,,,2505451,2008-06-30
,,,,,,,,,2505460,2008-06-30
,,,,,,,,,2505787,2008-06-30
,,,,,,,,,2506056,2008-06-30
,,,,,,,,,2506328,2008-06-30
,,,,,,,,,2506757,2008-06-30
,,,,,,,,,2507802,2008-06-30
,,,,,,,,,2508126,2008-06-30
,,,,,,,,,2508751,2008-06-30
,,,,,,,,,2512347,2008-06-30
,,,,,,,,,2514547,2008-06-30
,,,,,,,,,2514837,2008-06-30
,,,,,,,,,2515320,2008-06-30
,,,,,,,,,2516327,2008-06-30
,,,,,,,,,2516626,2008-06-30
,,,,,,,,,2517182,2008-06-30
,,,,,,,,,2518497,2008-06-30
,,,,,,,,,2519001,2008-06-30
,,,,,,,,,2522681,2008-06-30
,,,,,,,,,2524797,2008-06-30
,,,,,,,,,2528656,2008-06-30
,,,,,,,,,2529176,2008-06-30
,,,,,,,,,2531496,2008-06-30
,,,,,,,,,2531562,2008-06-30
,,,,,,,,,2531991,2008-06-30
,,,,,,,,,2532082,2008-06-30
,,,,,,,,,2532662,2008-06-30
,,,,,,,,,2533043,2008-06-30
,,,,,,,,,2533119,2008-06-30
,,,,,,,,,2534086,2008-06-30
,,,,,,,,,2535551,2008-06-30
,,,,,,,,,2535560,2008-06-30
,,,,,,,,,2536633,2008-06-30
,,,,,,,,,2538842,2008-06-30
,,,,,,,,,2539081,2008-06-30
,,,,,,,,,2539960,2008-06-30
,,,,,,,,,2540537,2008-06-30
,,,,,,,,,2550095,2008-06-30
,,,,,,,,,2552099,2008-06-30
,,,,,,,,,2558970,2008-06-30
,,,,,,,,,2560526,2008-06-30
,,,,,,,,,2562137,2008-06-30
,,,,,,,,,2562164,2008-06-30
,,,,,,,,,2562838,2008-06-30
,,,,,,,,,2567123,2008-06-30
,,,,,,,,,2568120,2008-06-30
,,,,,,,,,2571081,2008-06-30
,,,,,,,,,2574327,2008-06-30
,,,,,,,,,2575155,2008-06-30
,,,,,,,,,2575717,2008-06-30
,,,,,,,,,2576134,2008-06-30
,,,,,,,,,2576143,2008-06-30
,,,,,,,,,2576198,2008-06-30
,,,,,,,,,2577243,2008-06-30
,,,,,,,,,2577739,2008-06-30
,,,,,,,,,2579069,2008-06-30
,,,,,,,,,2580243,2008-06-30
,,,,,,,,,2580645,2008-06-30
,,,,,,,,,2582023,2008-06-30
,,,,,,,,,2582032,2008-06-30
,,,,,,,,,2583721,2008-06-30
,,,,,,,,,2586281,2008-06-30
,,,,,,,,,2587916,2008-06-30
,,,,,,,,,2587998,2008-06-30
,,,,,,,,,2594240,2008-06-30
,,,,,,,,,2594400,2008-06-30
,,,,,,,,,2594419,2008-06-30
,,,,,,,,,2594428,2008-06-30
,,,,,,,,,2595461,2008-06-30
,,,,,,,,,2595975,2008-06-30
,,,,,,,,,2596262,2008-06-30
,,,,,,,,,2596646,2008-06-30
,,,,,,,,,2596785,2008-06-30
,,,,,,,,,2597223,2008-06-30
,,,,,,,,,2597698,2008-06-30
,,,,,,,,,2598396,2008-06-30
,,,,,,,,,2599478,2008-06-30
,,,,,,,,,2600039,2008-06-30
,,,,,,,,,2602220,2008-06-30
,,,,,,,,,2602828,2008-06-30
,,,,,,,,,2603629,2008-06-30
,,,,,,,,,2604514,2008-06-30
,,,,,,,,,2605566,2008-06-30
,,,,,,,,,2606460,2008-06-30
,,,,,,,,,2607382,2008-06-30
,,,,,,,,,2607412,2008-06-30
,,,,,,,,,2607449,2008-06-30
,,,,,,,,,2608754,2008-06-30
,,,,,,,,,2608790,2008-06-30
,,,,,,,,,2610784,2008-06-30
,,,,,,,,,2614018,2008-06-30
,,,,,,,,,2614344,2008-06-30
,,,,,,,,,2615190,2008-06-30
,,,,,,,,,2615220,2008-06-30
,,,,,,,,,2616076,2008-06-30
,,,,,,,,,2618276,2008-06-30
,,,,,,,,,2618780,2008-06-30
,,,,,,,,,2619714,2008-06-30
,,,,,,,,,2619732,2008-06-30
,,,,,,,,,2620439,2008-06-30
,,,,,,,,,2621285,2008-06-30
,,,,,,,,,2621306,2008-06-30
,,,,,,,,,2621342,2008-06-30
,,,,,,,,,2621940,2008-06-30
,,,,,,,,,2622161,2008-06-30
,,,,,,,,,2622198,2008-06-30
,,,,,,,,,2623494,2008-06-30
,,,,,,,,,2624400,2008-06-30
,,,,,,,,,2624651,2008-06-30
,,,,,,,,,2625724,2008-06-30
,,,,,,,,,2626794,2008-06-30
,,,,,,,,,2631172,2008-06-30
,,,,,,,,,2631314,2008-06-30
,,,,,,,,,2631323,2008-06-30
,,,,,,,,,2631408,2008-06-30
,,,,,,,,,2631846,2008-06-30
,,,,,,,,,2632599,2008-06-30
,,,,,,,,,2634191,2008-06-30
,,,,,,,,,2634351,2008-06-30
,,,,,,,,,2634735,2008-06-30
,,,,,,,,,2635077,2008-06-30
,,,,,,,,,2636083,2008-06-30
,,,,,,,,,2640530,2008-06-30
,,,,,,,,,2640594,2008-06-30
,,,,,,,,,2641827,2008-06-30
,,,,,,,,,2642598,2008-06-30
,,,,,,,,,2643438,2008-06-30
,,,,,,,,,2643595,2008-06-30
,,,,,,,,,2645106,2008-06-30
,,,,,,,,,2646327,2008-06-30
,,,,,,,,,2646813,2008-06-30
,,,,,,,,,2648330,2008-06-30
,,,,,,,,,2648376,2008-06-30
,,,,,,,,,2648460,2008-06-30
,,,,,,,,,2649122,2008-06-30
,,,,,,,,,2649177,2008-06-30
,,,,,,,,,2650333,2008-06-30
,,,,,,,,,2651899,2008-06-30
,,,,,,,,,2652092,2008-06-30
,,,,,,,,,2654818,2008-06-30
,,,,,,,,,2655495,2008-06-30
,,,,,,,,,2657855,2008-06-30
,,,,,,,,,2661861,2008-06-30
,,,,,,,,,2666400,2008-06-30
,,,,,,,,,2667920,2008-06-30
,,,,,,,,,2667939,2008-06-30
,,,,,,,,,2667957,2008-06-30
,,,,,,,,,2668598,2008-06-30
,,,,,,,,,2671093,2008-06-30
,,,,,,,,,2671105,2008-06-30
,,,,,,,,,2678449,2008-06-30
,,,,,,,,,2679839,2008-06-30
,,,,,,,,,2683014,2008-06-30
,,,,,,,,,2683555,2008-06-30
,,,,,,,,,2684552,2008-06-30
,,,,,,,,,2685241,2008-06-30
,,,,,,,,,2685504,2008-06-30
,,,,,,,,,2685764,2008-06-30
,,,,,,,,,2686211,2008-06-30
,,,,,,,,,2686529,2008-06-30
,,,,,,,,,2686828,2008-06-30
,,,,,,,,,2687133,2008-06-30
,,,,,,,,,2687487,2008-06-30
,,,,,,,,,2689128,2008-06-30
,,,,,,,,,2689191,2008-06-30
,,,,,,,,,2692753,2008-06-30
,,,,,,,,,2692762,2008-06-30
,,,,,,,,,2693264,2008-06-30
,,,,,,,,,2693693,2008-06-30
,,,,,,,,,2694430,2008-06-30
,,,,,,,,,2694681,2008-06-30
,,,,,,,,,2694935,2008-06-30
,,,,,,,,,2694944,2008-06-30
,,,,,,,,,2696180,2008-06-30
,,,,,,,,,2697963,2008-06-30
,,,,,,,,,2699631,2008-06-30
,,,,,,,,,2700984,2008-06-30
,,,,,,,,,2701767,2008-06-30
,,,,,,,,,2702764,2008-06-30
,,,,,,,,,2705895,2008-06-30
,,,,,,,,,2706016,2008-06-30
,,,,,,,,,2708122,2008-06-30
,,,,,,,,,2710554,2008-06-30
,,,,,,,,,2710705,2008-06-30
,,,,,,,,,2712978,2008-06-30
,,,,,,,,,2713461,2008-06-30
,,,,,,,,,2713555,2008-06-30
,,,,,,,,,2713582,2008-06-30
,,,,,,,,,2713920,2008-06-30
,,,,,,,,,2714217,2008-06-30
,,,,,,,,,2714570,2008-06-30
,,,,,,,,,2716088,2008-06-30
,,,,,,,,,2716163,2008-06-30
,,,,,,,,,2716613,2008-06-30
,,,,,,,,,2716622,2008-06-30
,,,,,,,,,2716828,2008-06-30
,,,,,,,,,2717012,2008-06-30
,,,,,,,,,2718297,2008-06-30
,,,,,,,,,2718345,2008-06-30
,,,,,,,,,2718596,2008-06-30
,,,,,,,,,2719427,2008-06-30
,,,,,,,,,2719810,2008-06-30
,,,,,,,,,2721103,2008-06-30
,,,,,,,,,2721765,2008-06-30
,,,,,,,,,2721877,2008-06-30
,,,,,,,,,2722173,2008-06-30
,,,,,,,,,2722922,2008-06-30
,,,,,,,,,2723068,2008-06-30
,,,,,,,,,2723666,2008-06-30
,,,,,,,,,2724757,2008-06-30
,,,,,,,,,2724766,2008-06-30
,,,,,,,,,2726050,2008-06-30
,,,,,,,,,2726416,2008-06-30
,,,,,,,,,2726443,2008-06-30
,,,,,,,,,2727431,2008-06-30
,,,,,,,,,2727673,2008-06-30
,,,,,,,,,2727990,2008-06-30
,,,,,,,,,2728661,2008-06-30
,,,,,,,,,2729604,2008-06-30
,,,,,,,,,2729770,2008-06-30
,,,,,,,,,2730431,2008-06-30
,,,,,,,,,2730477,2008-06-30
,,,,,,,,,2731876,2008-06-30
,,,,,,,,,2732565,2008-06-30
,,,,,,,,,2733263,2008-06-30
,,,,,,,,,2733348,2008-06-30
,,,,,,,,,2734729,2008-06-30
,,,,,,,,,2735137,2008-06-30
,,,,,,,,,2735173,2008-06-30
,,,,,,,,,2735191,2008-06-30
,,,,,,,,,2735324,2008-06-30
,,,,,,,,,2735959,2008-06-30
,,,,,,,,,2736219,2008-06-30
,,,,,,,,,2736291,2008-06-30
,,,,,,,,,2736349,2008-06-30
,,,,,,,,,2736442,2008-06-30
,,,,,,,,,2736451,2008-06-30
,,,,,,,,,2736714,2008-06-30
,,,,,,,,,2736732,2008-06-30
,,,,,,,,,2737029,2008-06-30
,,,,,,,,,2737775,2008-06-30
,,,,,,,,,2737980,2008-06-30
,,,,,,,,,2738857,2008-06-30
,,,,,,,,,2742153,2008-06-30
,,,,,,,,,2743244,2008-06-30
,,,,,,,,,2744063,2008-06-30
,,,,,,,,,2744782,2008-06-30
,,,,,,,,,2745426,2008-06-30
,,,,,,,,,2745743,2008-06-30
,,,,,,,,,2746245,2008-06-30
,,,,,,,,,2746263,2008-06-30
,,,,,,,,,2747242,2008-06-30
,,,,,,,,,2747279,2008-06-30
,,,,,,,,,2747420,2008-06-30
,,,,,,,,,2747466,2008-06-30
,,,,,,,,,2747587,2008-06-30
,,,,,,,,,2748502,2008-06-30
,,,,,,,,,2748650,2008-06-30
,,,,,,,,,2749059,2008-06-30
,,,,,,,,,2750448,2008-06-30
,,,,,,,,,2750699,2008-06-30
,,,,,,,,,2751007,2008-06-30
,,,,,,,,,2751388,2008-06-30
,,,,,,,,,2753588,2008-06-30
,,,,,,,,,2753917,2008-06-30
,,,,,,,,,2754389,2008-06-30
,,,,,,,,,2755733,2008-06-30
,,,,,,,,,2756730,2008-06-30
,,,,,,,,,2756767,2008-06-30
,,,,,,,,,2756785,2008-06-30
,,,,,,,,,2756909,2008-06-30
,,,,,,,,,2757205,2008-06-30
,,,,,,,,,2757586,2008-06-30
,,,,,,,,,2757906,2008-06-30
,,,,,,,,,2757951,2008-06-30
,,,,,,,,,2758024,2008-06-30
,,,,,,,,,2758613,2008-06-30
,,,,,,,,,2759629,2008-06-30
,,,,,,,,,2760102,2008-06-30
,,,,,,,,,2760232,2008-06-30
,,,,,,,,,2761912,2008-06-30
,,,,,,,,,2761930,2008-06-30
,,,,,,,,,2761967,2008-06-30
,,,,,,,,,2762638,2008-06-30
,,,,,,,,,2764212,2008-06-30
,,,,,,,,,2764258,2008-06-30
,,,,,,,,,2765602,2008-06-30
,,,,,,,,,2765611,2008-06-30
,,,,,,,,,2767763,2008-06-30
,,,,,,,,,2769383,2008-06-30
,,,,,,,,,2769570,2008-06-30
,,,,,,,,,2769589,2008-06-30
,,,,,,,,,2769954,2008-06-30
,,,,,,,,,2769972,2008-06-30
,,,,,,,,,2771694,2008-06-30
,,,,,,,,,2771797,2008-06-30
,,,,,,,,,2773867,2008-06-30
,,,,,,,,,2774707,2008-06-30
,,,,,,,,,2775151,2008-06-30
,,,,,,,,,2775179,2008-06-30
,,,,,,,,,2775692,2008-06-30
,,,,,,,,,2777070,2008-06-30
,,,,,,,,,2777650,2008-06-30
,,,,,,,,,2781152,2008-06-30
,,,,,,,,,2783660,2008-06-30
,,,,,,,,,2783772,2008-06-30
,,,,,,,,,2785477,2008-06-30
,,,,,,,,,2785637,2008-06-30
,,,,,,,,,2785646,2008-06-30
,,,,,,,,,2787770,2008-06-30
,,,,,,,,,2788656,2008-06-30
,,,,,,,,,2791003,2008-06-30
,,,,,,,,,2791076,2008-06-30
,,,,,,,,,2791085,2008-06-30
,,,,,,,,,2791281,2008-06-30
,,,,,,,,,2791517,2008-06-30
,,,,,,,,,2792064,2008-06-30
,,,,,,,,,2792466,2008-06-30
,,,,,,,,,2793593,2008-06-30
,,,,,,,,,2793883,2008-06-30
,,,,,,,,,2794732,2008-06-30
,,,,,,,,,2796017,2008-06-30
,,,,,,,,,2796277,2008-06-30
,,,,,,,,,2796295,2008-06-30
,,,,,,,,,2796615,2008-06-30
,,,,,,,,,2797153,2008-06-30
,,,,,,,,,2797162,2008-06-30
,,,,,,,,,2797171,2008-06-30
,,,,,,,,,2797210,2008-06-30
,,,,,,,,,2797359,2008-06-30
,,,,,,,,,2797724,2008-06-30
,,,,,,,,,2798897,2008-06-30
,,,,,,,,,2799399,2008-06-30
,,,,,,,,,2799803,2008-06-30
,,,,,,,,,2800491,2008-06-30
,,,,,,,,,2802664,2008-06-30
,,,,,,,,,2802945,2008-06-30
,,,,,,,,,2803223,2008-06-30
,,,,,,,,,2804284,2008-06-30
,,,,,,,,,2804864,2008-06-30
,,,,,,,,,2804882,2008-06-30
,,,,,,,,,2804891,2008-06-30
,,,,,,,,,2805441,2008-06-30
,,,,,,,,,2805535,2008-06-30
,,,,,,,,,2805928,2008-06-30
,,,,,,,,,2806091,2008-06-30
,,,,,,,,,2806112,2008-06-30
,,,,,,,,,2806626,2008-06-30
,,,,,,,,,2806635,2008-06-30
,,,,,,,,,2806840,2008-06-30
,,,,,,,,,2807173,2008-06-30
,,,,,,,,,2808602,2008-06-30
,,,,,,,,,2808787,2008-06-30
,,,,,,,,,2808808,2008-06-30
,,,,,,,,,2809935,2008-06-30
,,,,,,,,,2810007,2008-06-30
,,,,,,,,,2811086,2008-06-30
,,,,,,,,,2813491,2008-06-30
,,,,,,,,,2814210,2008-06-30
,,,,,,,,,2815879,2008-06-30
,,,,,,,,,2816474,2008-06-30
,,,,,,,,,2817323,2008-06-30
,,,,,,,,,2817677,2008-06-30
,,,,,,,,,2817837,2008-06-30
,,,,,,,,,2818731,2008-06-30
,,,,,,,,,2820604,2008-06-30
,,,,,,,,,2823221,2008-06-30
,,,,,,,,,2823230,2008-06-30
,,,,,,,,,2826017,2008-06-30
,,,,,,,,,2826316,2008-06-30
,,,,,,,,,2830135,2008-06-30
,,,,,,,,,2830537,2008-06-30
,,,,,,,,,2833882,2008-06-30
,,,,,,,,,2834179,2008-06-30
,,,,,,,,,2834759,2008-06-30
,,,,,,,,,2835103,2008-06-30
,,,,,,,,,2835756,2008-06-30
,,,,,,,,,2836306,2008-06-30
,,,,,,,,,2837059,2008-06-30
,,,,,,,,,2837077,2008-06-30
,,,,,,,,,2837200,2008-06-30
,,,,,,,,,2837406,2008-06-30
,,,,,,,,,2838207,2008-06-30
,,,,,,,,,2839053,2008-06-30
,,,,,,,,,2839790,2008-06-30
,,,,,,,,,2841047,2008-06-30
,,,,,,,,,2841702,2008-06-30
,,,,,,,,,2843706,2008-06-30
,,,,,,,,,2843724,2008-06-30
,,,,,,,,,2845166,2008-06-30
,,,,,,,,,2845205,2008-06-30
,,,,,,,,,2845755,2008-06-30
,,,,,,,,,2845782,2008-06-30
,,,,,,,,,2846444,2008-06-30
,,,,,,,,,2846453,2008-06-30
,,,,,,,,,2847085,2008-06-30
,,,,,,,,,2847142,2008-06-30
,,,,,,,,,2847432,2008-06-30
,,,,,,,,,2847553,2008-06-30
,,,,,,,,,2847900,2008-06-30
,,,,,,,,,2848037,2008-06-30
,,,,,,,,,2848493,2008-06-30
,,,,,,,,,2848756,2008-06-30
,,,,,,,,,2848895,2008-06-30
,,,,,,,,,2849212,2008-06-30
,,,,,,,,,2849285,2008-06-30
,,,,,,,,,2849801,2008-06-30
,,,,,,,,,2849829,2008-06-30
,,,,,,,,,2850722,2008-06-30
,,,,,,,,,2850768,2008-06-30
,,,,,,,,,2851185,2008-06-30
,,,,,,,,,2853358,2008-06-30
,,,,,,,,,2854113,2008-06-30
,,,,,,,,,2854494,2008-06-30
,,,,,,,,,2855071,2008-06-30
,,,,,,,,,2855156,2008-06-30
,,,,,,,,,2855307,2008-06-30
,,,,,,,,,2855866,2008-06-30
,,,,,,,,,2855884,2008-06-30
,,,,,,,,,2855914,2008-06-30
,,,,,,,,,2855978,2008-06-30
,,,,,,,,,2856032,2008-06-30
,,,,,,,,,2856500,2008-06-30
,,,,,,,,,2856685,2008-06-30
,,,,,,,,,2856939,2008-06-30
,,,,,,,,,2857600,2008-06-30
,,,,,,,,,2857794,2008-06-30
,,,,,,,,,2857806,2008-06-30
,,,,,,,,,2858205,2008-06-30
,,,,,,,,,2858492,2008-06-30
,,,,,,,,,2858960,2008-06-30
,,,,,,,,,2859574,2008-06-30
,,,,,,,,,2859903,2008-06-30
,,,,,,,,,2860039,2008-06-30
,,,,,,,,,2860271,2008-06-30
,,,,,,,,,2860440,2008-06-30
,,,,,,,,,2861317,2008-06-30
,,,,,,,,,2864729,2008-06-30
,,,,,,,,,2866255,2008-06-30
,,,,,,,,,2867056,2008-06-30
,,,,,,,,,2867337,2008-06-30
,,,,,,,,,2868259,2008-06-30
,,,,,,,,,2868352,2008-06-30
,,,,,,,,,2869162,2008-06-30
,,,,,,,,,2869180,2008-06-30
,,,,,,,,,2869199,2008-06-30
,,,,,,,,,2869667,2008-06-30
,,,,,,,,,2871099,2008-06-30
,,,,,,,,,2871558,2008-06-30
,,,,,,,,,2872340,2008-06-30
,,,,,,,,,2872845,2008-06-30
,,,,,,,,,2873075,2008-06-30
,,,,,,,,,2873860,2008-06-30
,,,,,,,,,2873981,2008-06-30
,,,,,,,,,2874634,2008-06-30
,,,,,,,,,2875592,2008-06-30
,,,,,,,,,2876311,2008-06-30
,,,,,,,,,2876889,2008-06-30
,,,,,,,,,2877345,2008-06-30
,,,,,,,,,2877484,2008-06-30
,,,,,,,,,2877831,2008-06-30
,,,,,,,,,2877840,2008-06-30
,,,,,,,,,2879992,2008-06-30
,,,,,,,,,2880019,2008-06-30
,,,,,,,,,2881593,2008-06-30
,,,,,,,,,2882125,2008-06-30
,,,,,,,,,2882983,2008-06-30
,,,,,,,,,2883038,2008-06-30
,,,,,,,,,2883047,2008-06-30
,,,,,,,,,2883971,2008-06-30
,,,,,,,,,2885171,2008-06-30
,,,,,,,,,2886178,2008-06-30
,,,,,,,,,2886187,2008-06-30
,,,,,,,,,2887335,2008-06-30
,,,,,,,,,2887399,2008-06-30
,,,,,,,,,2887661,2008-06-30
,,,,,,,,,2888789,2008-06-30
,,,,,,,,,2889227,2008-06-30
,,,,,,,,,2895835,2008-06-30
,,,,,,,,,2896216,2008-06-30
,,,,,,,,,2896298,2008-06-30
,,,,,,,,,2896430,2008-06-30
,,,,,,,,,2897400,2008-06-30
,,,,,,,,,2897633,2008-06-30
,,,,,,,,,2897736,2008-06-30
,,,,,,,,,2897754,2008-06-30
,,,,,,,,,2900092,2008-06-30
,,,,,,,,,2901558,2008-06-30
,,,,,,,,,2901688,2008-06-30
,,,,,,,,,2902041,2008-06-30
,,,,,,,,,2903123,2008-06-30
,,,,,,,,,2905163,2008-06-30
,,,,,,,,,2905565,2008-06-30
,,,,,,,,,2905604,2008-06-30
,,,,,,,,,2905613,2008-06-30
,,,,,,,,,2905761,2008-06-30
,,,,,,,,,2906311,2008-06-30
,,,,,,,,,2907019,2008-06-30
,,,,,,,,,2907046,2008-06-30
,,,,,,,,,2907439,2008-06-30
,,,,,,,,,2907484,2008-06-30
,,,,,,,,,2907493,2008-06-30
,,,,,,,,,2908575,2008-06-30
,,,,,,,,,2910121,2008-06-30
,,,,,,,,,2910194,2008-06-30
,,,,,,,,,2911128,2008-06-30
,,,,,,,,,2911511,2008-06-30
,,,,,,,,,2911856,2008-06-30
,,,,,,,,,2911865,2008-06-30
,,,,,,,,,2911986,2008-06-30
,,,,,,,,,2912367,2008-06-30
,,,,,,,,,2912750,2008-06-30
,,,,,,,,,2913346,2008-06-30
,,,,,,,,,2913551,2008-06-30
,,,,,,,,,2913702,2008-06-30
,,,,,,,,,2913887,2008-06-30
,,,,,,,,,2914727,2008-06-30
,,,,,,,,,2914820,2008-06-30
,,,,,,,,,2914905,2008-06-30
,,,,,,,,,2915126,2008-06-30
,,,,,,,,,2915461,2008-06-30
,,,,,,,,,2915797,2008-06-30
,,,,,,,,,2916365,2008-06-30
,,,,,,,,,2916879,2008-06-30
,,,,,,,,,2916963,2008-06-30
,,,,,,,,,2917184,2008-06-30
,,,,,,,,,2919423,2008-06-30
,,,,,,,,,2919898,2008-06-30
,,,,,,,,,2920287,2008-06-30
,,,,,,,,,2920737,2008-06-30
,,,,,,,,,2920773,2008-06-30
,,,,,,,,,2921211,2008-06-30
,,,,,,,,,2921622,2008-06-30
,,,,,,,,,2922339,2008-06-30
,,,,,,,,,2922674,2008-06-30
,,,,,,,,,2924128,2008-06-30
,,,,,,,,,2925620,2008-06-30
,,,,,,,,,2925666,2008-06-30
,,,,,,,,,2925723,2008-06-30
,,,,,,,,,2927615,2008-06-30
,,,,,,,,,2928733,2008-06-30
,,,,,,,,,2929075,2008-06-30
,,,,,,,,,2929253,2008-06-30
,,,,,,,,,2929392,2008-06-30
,,,,,,,,,2931603,2008-06-30
,,,,,,,,,2934903,2008-06-30
,,,,,,,,,2934930,2008-06-30
,,,,,,,,,2936840,2008-06-30
,,,,,,,,,2938143,2008-06-30
,,,,,,,,,2938198,2008-06-30
,,,,,,,,,2938769,2008-06-30
,,,,,,,,,2939001,2008-06-30
,,,,,,,,,2939038,2008-06-30
,,,,,,,,,2939391,2008-06-30
,,,,,,,,,2941068,2008-06-30
,,,,,,,,,2941509,2008-06-30
,,,,,,,,,2942524,2008-06-30
,,,,,,,,,2942690,2008-06-30
,,,,,,,,,2942814,2008-06-30
,,,,,,,,,2942823,2008-06-30
,,,,,,,,,2943389,2008-06-30
,,,,,,,,,2943615,2008-06-30
,,,,,,,,,2944715,2008-06-30
,,,,,,,,,2947556,2008-06-30
,,,,,,,,,2948058,2008-06-30
,,,,,,,,,2948423,2008-06-30
,,,,,,,,,2948450,2008-06-30
,,,,,,,,,2949710,2008-06-30
,,,,,,,,,2950604,2008-06-30
,,,,,,,,,2950677,2008-06-30
,,,,,,,,,2951683,2008-06-30
,,,,,,,,,2953418,2008-06-30
,,,,,,,,,2954059,2008-06-30
,,,,,,,,,2954497,2008-06-30
,,,,,,,,,2955458,2008-06-30
,,,,,,,,,2957014,2008-06-30
,,,,,,,,,2957667,2008-06-30
,,,,,,,,,2958048,2008-06-30
,,,,,,,,,2958972,2008-06-30
,,,,,,,,,2960331,2008-06-30
,,,,,,,,,2960434,2008-06-30
,,,,,,,,,2960555,2008-06-30
,,,,,,,,,2960788,2008-06-30
,,,,,,,,,2961703,2008-06-30
,,,,,,,,,2961776,2008-06-30
,,,,,,,,,2963266,2008-06-30
,,,,,,,,,2963275,2008-06-30
,,,,,,,,,2963547,2008-06-30
,,,,,,,,,2963864,2008-06-30
,,,,,,,,,2966614,2008-06-30
,,,,,,,,,2967349,2008-06-30
,,,,,,,,,2967796,2008-06-30
,,,,,,,,,2970657,2008-06-30
,,,,,,,,,2973041,2008-06-30
,,,,,,,,,2975269,2008-06-30
,,,,,,,,,2975625,2008-06-30
,,,,,,,,,2976042,2008-06-30
,,,,,,,,,2978297,2008-06-30
,,,,,,,,,2980209,2008-06-30
,,,,,,,,,2981813,2008-06-30
,,,,,,,,,2981822,2008-06-30
,,,,,,,,,2986304,2008-06-30
,,,,,,,,,2989006,2008-06-30
,,,,,,,,,2994493,2008-06-30
,,,,,,,,,2996536,2008-06-30
,,,,,,,,,2997216,2008-06-30
,,,,,,,,,2997748,2008-06-30
,,,,,,,,,2997926,2008-06-30
,,,,,,,,,2998576,2008-06-30
,,,,,,,,,2998660,2008-06-30
,,,,,,,,,2999845,2008-06-30
,,,,,,,,,3005097,2008-06-30
,,,,,,,,,3008306,2008-06-30
,,,,,,,,,3009778,2008-06-30
,,,,,,,,,3010000,2008-06-30
,,,,,,,,,3010318,2008-06-30
,,,,,,,,,3010363,2008-06-30
,,,,,,,,,3013823,2008-06-30
,,,,,,,,,3015939,2008-06-30
,,,,,,,,,3016347,2008-06-30
,,,,,,,,,3017737,2008-06-30
,,,,,,,,,3019982,2008-06-30
,,,,,,,,,3020193,2008-06-30
,,,,,,,,,3020447,2008-06-30
,,,,,,,,,3020746,2008-06-30
,,,,,,,,,3022076,2008-06-30
,,,,,,,,,3022610,2008-06-30
,,,,,,,,,3023493,2008-06-30
,,,,,,,,,3023701,2008-06-30
,,,,,,,,,3025134,2008-06-30
,,,,,,,,,3025406,2008-06-30
,,,,,,,,,3025929,2008-06-30
,,,,,,,,,3027174,2008-06-30
,,,,,,,,,3027763,2008-06-30
,,,,,,,,,3028902,2008-06-30
,,,,,,,,,3029589,2008-06-30
,,,,,,,,,3030697,2008-06-30
,,,,,,,,,3030969,2008-06-30
,,,,,,,,,3032833,2008-06-30
,,,,,,,,,3034257,2008-06-30
,,,,,,,,,3034695,2008-06-30
,,,,,,,,,3035759,2008-06-30
,,,,,,,,,3037874,2008-06-30
,,,,,,,,,3039636,2008-06-30
,,,,,,,,,3040379,2008-06-30
,,,,,,,,,3041349,2008-06-30
,,,,,,,,,3041358,2008-06-30
,,,,,,,,,3041974,2008-06-30
,,,,,,,,,3042234,2008-06-30
,,,,,,,,,3043651,2008-06-30
,,,,,,,,,3044500,2008-06-30
,,,,,,,,,3044818,2008-06-30
,,,,,,,,,3045299,2008-06-30
,,,,,,,,,3045383,2008-06-30
,,,,,,,,,3047314,2008-06-30
,,,,,,,,,3047659,2008-06-30
,,,,,,,,,3048067,2008-06-30
,,,,,,,,,3048487,2008-06-30
,,,,,,,,,3048861,2008-06-30
,,,,,,,,,3048982,2008-06-30
,,,,,,,,,3049514,2008-06-30
,,,,,,,,,3049635,2008-06-30
,,,,,,,,,3049653,2008-06-30
,,,,,,,,,3049699,2008-06-30
,,,,,,,,,3049701,2008-06-30
,,,,,,,,,3049729,2008-06-30
,,,,,,,,,3051021,2008-06-30
,,,,,,,,,3051432,2008-06-30
,,,,,,,,,3052813,2008-06-30
,,,,,,,,,3057818,2008-06-30
,,,,,,,,,3058114,2008-06-30
,,,,,,,,,3058329,2008-06-30
,,,,,,,,,3058619,2008-06-30
,,,,,,,,,3058842,2008-06-30
,,,,,,,,,3066025,2008-06-30
,,,,,,,,,3066155,2008-06-30
,,,,,,,,,3067929,2008-06-30
,,,,,,,,,3068579,2008-06-30
,,,,,,,,,3069343,2008-06-30
,,,,,,,,,3070545,2008-06-30
,,,,,,,,,3071083,2008-06-30
,,,,,,,,,3071391,2008-06-30
,,,,,,,,,3072053,2008-06-30
,,,,,,,,,3073199,2008-06-30
,,,,,,,,,3075278,2008-06-30
,,,,,,,,,3075474,2008-06-30
,,,,,,,,,3076190,2008-06-30
,,,,,,,,,3076220,2008-06-30
,,,,,,,,,3076248,2008-06-30
,,,,,,,,,3076284,2008-06-30
,,,,,,,,,3076453,2008-06-30
,,,,,,,,,3076604,2008-06-30
,,,,,,,,,3077629,2008-06-30
,,,,,,,,,3077937,2008-06-30
,,,,,,,,,3082052,2008-06-30
,,,,,,,,,3083741,2008-06-30
,,,,,,,,,3085240,2008-06-30
,,,,,,,,,3086256,2008-06-30
,,,,,,,,,3089752,2008-06-30
,,,,,,,,,3090310,2008-06-30
,,,,,,,,,3090338,2008-06-30
,,,,,,,,,3090833,2008-06-30
,,,,,,,,,3093964,2008-06-30
,,,,,,,,,3095641,2008-06-30
,,,,,,,,,3097243,2008-06-30
,,,,,,,,,3101654,2008-06-30
,,,,,,,,,3101775,2008-06-30
,,,,,,,,,3102530,2008-06-30
,,,,,,,,,3102893,2008-06-30
,,,,,,,,,3103591,2008-06-30
,,,,,,,,,3105308,2008-06-30
,,,,,,,,,3108907,2008-06-30
,,,,,,,,,3109043,2008-06-30
,,,,,,,,,3109146,2008-06-30
,,,,,,,,,3109584,2008-06-30
,,,,,,,,,3110197,2008-06-30
,,,,,,,,,3112070,2008-06-30
,,,,,,,,,3115129,2008-06-30
,,,,,,,,,3115277,2008-06-30
,,,,,,,,,3116274,2008-06-30
,,,,,,,,,3116519,2008-06-30
,,,,,,,,,3116809,2008-06-30
,,,,,,,,,3117431,2008-06-30
,,,,,,,,,3118447,2008-06-30
,,,,,,,,,3119163,2008-06-30
,,,,,,,,,3119378,2008-06-30
,,,,,,,,,3120646,2008-06-30
,,,,,,,,,3120897,2008-06-30
,,,,,,,,,3121045,2008-06-30
,,,,,,,,,3121072,2008-06-30
,,,,,,,,,3121081,2008-06-30
,,,,,,,,,3121308,2008-06-30
,,,,,,,,,3122828,2008-06-30
,,,,,,,,,3122994,2008-06-30
,,,,,,,,,3123106,2008-06-30
,,,,,,,,,3125016,2008-06-30
,,,,,,,,,3125137,2008-06-30
,,,,,,,,,3125315,2008-06-30
,,,,,,,,,3125557,2008-06-30
,,,,,,,,,3125566,2008-06-30
,,,,,,,,,3128174,2008-06-30
,,,,,,,,,3128914,2008-06-30
,,,,,,,,,3128923,2008-06-30
,,,,,,,,,3129902,2008-06-30
,,,,,,,,,3130216,2008-06-30
,,,,,,,,,3130999,2008-06-30
,,,,,,,,,3131400,2008-06-30
,,,,,,,,,3132667,2008-06-30
,,,,,,,,,3133011,2008-06-30
,,,,,,,,,3133253,2008-06-30
,,,,,,,,,3133570,2008-06-30
,,,,,,,,,3134250,2008-06-30
,,,,,,,,,3134399,2008-06-30
,,,,,,,,,3134698,2008-06-30
,,,,,,,,,3134885,2008-06-30
,,,,,,,,,3135097,2008-06-30
,,,,,,,,,3138146,2008-06-30
,,,,,,,,,3138182,2008-06-30
,,,,,,,,,3139321,2008-06-30
,,,,,,,,,3140309,2008-06-30
,,,,,,,,,3140822,2008-06-30
,,,,,,,,,3141726,2008-06-30
,,,,,,,,,3142358,2008-06-30
,,,,,,,,,3143805,2008-06-30
,,,,,,,,,3145162,2008-06-30
,,,,,,,,,3145797,2008-06-30
,,,,,,,,,3145984,2008-06-30
,,,,,,,,,3146150,2008-06-30
,,,,,,,,,3148613,2008-06-30
,,,,,,,,,3149012,2008-06-30
,,,,,,,,,3150205,2008-06-30
,,,,,,,,,3150474,2008-06-30
,,,,,,,,,3150586,2008-06-30
,,,,,,,,,3151417,2008-06-30
,,,,,,,,,3151837,2008-06-30
,,,,,,,,,3153233,2008-06-30
,,,,,,,,,3153288,2008-06-30
,,,,,,,,,3153297,2008-06-30
,,,,,,,,,3153626,2008-06-30
,,,,,,,,,3154780,2008-06-30
,,,,,,,,,3156300,2008-06-30
,,,,,,,,,3157183,2008-06-30
,,,,,,,,,3157697,2008-06-30
,,,,,,,,,3158005,2008-06-30
,,,,,,,,,3158546,2008-06-30
,,,,,,,,,3158863,2008-06-30
,,,,,,,,,3160978,2008-06-30
,,,,,,,,,3161144,2008-06-30
,,,,,,,,,3165320,2008-06-30
,,,,,,,,,3165357,2008-06-30
,,,,,,,,,3165599,2008-06-30
,,,,,,,,,3166699,2008-06-30
,,,,,,,,,3166729,2008-06-30
,,,,,,,,,3167883,2008-06-30
,,,,,,,,,3168563,2008-06-30
,,,,,,,,,3170276,2008-06-30
,,,,,,,,,3172038,2008-06-30
,,,,,,,,,3174920,2008-06-30
,,,,,,,,,3175619,2008-06-30
,,,,,,,,,3176812,2008-06-30
,,,,,,,,,3177127,2008-06-30
,,,,,,,,,3177378,2008-06-30
,,,,,,,,,3177426,2008-06-30
,,,,,,,,,3178825,2008-06-30
,,,,,,,,,3179082,2008-06-30
,,,,,,,,,3179729,2008-06-30
,,,,,,,,,3179831,2008-06-30
,,,,,,,,,3180136,2008-06-30
,,,,,,,,,3181197,2008-06-30
,,,,,,,,,3182082,2008-06-30
,,,,,,,,,3183584,2008-06-30
,,,,,,,,,3184228,2008-06-30
,,,,,,,,,3184460,2008-06-30
,,,,,,,,,3184693,2008-06-30
,,,,,,,,,3185485,2008-06-30
,,,,,,,,,3185579,2008-06-30
,,,,,,,,,3185896,2008-06-30
,,,,,,,,,3187395,2008-06-30
,,,,,,,,,3187612,2008-06-30
,,,,,,,,,3187630,2008-06-30
,,,,,,,,,3188646,2008-06-30
,,,,,,,,,3188712,2008-06-30
,,,,,,,,,3189063,2008-06-30
,,,,,,,,,3189634,2008-06-30
,,,,,,,,,3192960,2008-06-30
,,,,,,,,,3194179,2008-06-30
,,,,,,,,,3194638,2008-06-30
,,,,,,,,,3194692,2008-06-30
,,,,,,,,,3195037,2008-06-30
,,,,,,,,,3195064,2008-06-30
,,,,,,,,,3195653,2008-06-30
,,,,,,,,,3195895,2008-06-30
,,,,,,,,,3198421,2008-06-30
,,,,,,,,,3198980,2008-06-30
,,,,,,,,,3199811,2008-06-30
,,,,,,,,,3200034,2008-06-30
,,,,,,,,,3201527,2008-06-30
,,,,,,,,,3201853,2008-06-30
,,,,,,,,,3202702,2008-06-30
,,,,,,,,,3202962,2008-06-30
,,,,,,,,,3203996,2008-06-30
,,,,,,,,,3204993,2008-06-30
,,,,,,,,,3205253,2008-06-30
,,,,,,,,,3205909,2008-06-30
,,,,,,,,,3206399,2008-06-30
,,,,,,,,,3206465,2008-06-30
,,,,,,,,,3207921,2008-06-30
,,,,,,,,,3208049,2008-06-30
,,,,,,,,,3208441,2008-06-30
,,,,,,,,,3211768,2008-06-30
,,,,,,,,,3211937,2008-06-30
,,,,,,,,,3212149,2008-06-30
,,,,,,,,,3212402,2008-06-30
,,,,,,,,,3213333,2008-06-30
,,,,,,,,,3213735,2008-06-30
,,,,,,,,,3214059,2008-06-30
,,,,,,,,,3216017,2008-06-30
,,,,,,,,,3216316,2008-06-30
,,,,,,,,,3217331,2008-06-30
,,,,,,,,,3217957,2008-06-30
,,,,,,,,,3219175,2008-06-30
,,,,,,,,,3219214,2008-06-30
,,,,,,,,,3219335,2008-06-30
,,,,,,,,,3220500,2008-06-30
,,,,,,,,,3220818,2008-06-30
,,,,,,,,,3220863,2008-06-30
,,,,,,,,,3221468,2008-06-30
,,,,,,,,,3222175,2008-06-30
,,,,,,,,,3223305,2008-06-30
,,,,,,,,,3223408,2008-06-30
,,,,,,,,,3223417,2008-06-30
,,,,,,,,,3223444,2008-06-30
,,,,,,,,,3223695,2008-06-30
,,,,,,,,,3223800,2008-06-30
,,,,,,,,,3224302,2008-06-30
,,,,,,,,,3224375,2008-06-30
,,,,,,,,,3224478,2008-06-30
,,,,,,,,,3224580,2008-06-30
,,,,,,,,,3225411,2008-06-30
,,,,,,,,,3227442,2008-06-30
,,,,,,,,,3228908,2008-06-30
,,,,,,,,,3229875,2008-06-30
,,,,,,,,,3232204,2008-06-30
,,,,,,,,,3232370,2008-06-30
,,,,,,,,,3233407,2008-06-30
,,,,,,,,,3234598,2008-06-30
,,,,,,,,,3235410,2008-06-30
,,,,,,,,,3235689,2008-06-30
,,,,,,,,,3236396,2008-06-30
,,,,,,,,,3239249,2008-06-30
,,,,,,,,,3242575,2008-06-30
,,,,,,,,,3243282,2008-06-30
,,,,,,,,,3247589,2008-06-30
,,,,,,,,,3247598,2008-06-30
,,,,,,,,,3248849,2008-06-30
,,,,,,,,,3249770,2008-06-30
,,,,,,,,,3250114,2008-06-30
,,,,,,,,,3251081,2008-06-30
,,,,,,,,,3252510,2008-06-30
,,,,,,,,,3253571,2008-06-30
,,,,,,,,,3253834,2008-06-30
,,,,,,,,,3254185,2008-06-30
,,,,,,,,,3254297,2008-06-30
,,,,,,,,,3255098,2008-06-30
,,,,,,,,,3257047,2008-06-30
,,,,,,,,,3258286,2008-06-30
,,,,,,,,,3259171,2008-06-30
,,,,,,,,,3261549,2008-06-30
,,,,,,,,,3262788,2008-06-30
,,,,,,,,,3263833,2008-06-30
,,,,,,,,,3264782,2008-06-30
,,,,,,,,,3265257,2008-06-30
,,,,,,,,,3266487,2008-06-30
,,,,,,,,,3266825,2008-06-30
,,,,,,,,,3267185,2008-06-30
,,,,,,,,,3267738,2008-06-30
,,,,,,,,,3267934,2008-06-30
,,,,,,,,,3268173,2008-06-30
,,,,,,,,,3268249,2008-06-30
,,,,,,,,,3269590,2008-06-30
,,,,,,,,,3269844,2008-06-30
,,,,,,,,,3269974,2008-06-30
,,,,,,,,,3270046,2008-06-30
,,,,,,,,,3271007,2008-06-30
,,,,,,,,,3271799,2008-06-30
,,,,,,,,,3271986,2008-06-30
,,,,,,,,,3272956,2008-06-30
,,,,,,,,,3273823,2008-06-30
,,,,,,,,,3274709,2008-06-30
,,,,,,,,,3274772,2008-06-30
,,,,,,,,,3275283,2008-06-30
,,,,,,,,,3275939,2008-06-30
,,,,,,,,,3276543,2008-06-30
,,,,,,,,,3277241,2008-06-30
,,,,,,,,,3277876,2008-06-30
,,,,,,,,,3277988,2008-06-30
,,,,,,,,,3278305,2008-06-30
,,,,,,,,,3278387,2008-06-30
,,,,,,,,,3278547,2008-06-30
,,,,,,,,,3279450,2008-06-30
,,,,,,,,,3279469,2008-06-30
,,,,,,,,,3280335,2008-06-30
,,,,,,,,,3280625,2008-06-30
,,,,,,,,,3281293,2008-06-30
,,,,,,,,,3281510,2008-06-30
,,,,,,,,,3282012,2008-06-30
,,,,,,,,,3282021,2008-06-30
,,,,,,,,,3282692,2008-06-30
,,,,,,,,,3282852,2008-06-30
,,,,,,,,,3283372,2008-06-30
,,,,,,,,,3283765,2008-06-30
,,,,,,,,,3284070,2008-06-30
,,,,,,,,,3284100,2008-06-30
,,,,,,,,,3284397,2008-06-30
,,,,,,,,,3284445,2008-06-30
,,,,,,,,,3284490,2008-06-30
,,,,,,,,,3284780,2008-06-30
,,,,,,,,,3285246,2008-06-30
,,,,,,,,,3285778,2008-06-30
,,,,,,,,,3286999,2008-06-30
,,,,,,,,,3287325,2008-06-30
,,,,,,,,,3287503,2008-06-30
,,,,,,,,,3287660,2008-06-30
,,,,,,,,,3288265,2008-06-30
,,,,,,,,,3288452,2008-06-30
,,,,,,,,,3288742,2008-06-30
,,,,,,,,,3290231,2008-06-30
,,,,,,,,,3290240,2008-06-30
,,,,,,,,,3290745,2008-06-30
,,,,,,,,,3293540,2008-06-30
,,,,,,,,,3293700,2008-06-30
,,,,,,,,,3293746,2008-06-30
,,,,,,,,,3294583,2008-06-30
,,,,,,,,,3295320,2008-06-30
,,,,,,,,,3296149,2008-06-30
,,,,,,,,,3296859,2008-06-30
,,,,,,,,,3297490,2008-06-30
,,,,,,,,,3298769,2008-06-30
,,,,,,,,,3299159,2008-06-30
,,,,,,,,,3299168,2008-06-30
,,,,,,,,,3299793,2008-06-30
,,,,,,,,,3299814,2008-06-30
,,,,,,,,,3301641,2008-06-30
,,,,,,,,,3301865,2008-06-30
,,,,,,,,,3302312,2008-06-30
,,,,,,,,,3302451,2008-06-30
,,,,,,,,,3303298,2008-06-30
,,,,,,,,,3303476,2008-06-30
,,,,,,,,,3303917,2008-06-30
,,,,,,,,,3303944,2008-06-30
,,,,,,,,,3303953,2008-06-30
,,,,,,,,,3304428,2008-06-30
,,,,,,,,,3306280,2008-06-30
,,,,,,,,,3306299,2008-06-30
,,,,,,,,,3306598,2008-06-30
,,,,,,,,,3307371,2008-06-30
,,,,,,,,,3307410,2008-06-30
,,,,,,,,,3308145,2008-06-30
,,,,,,,,,3308314,2008-06-30
,,,,,,,,,3308471,2008-06-30
,,,,,,,,,3308529,2008-06-30
,,,,,,,,,3308574,2008-06-30
,,,,,,,,,3309393,2008-06-30
,,,,,,,,,3309571,2008-06-30
,,,,,,,,,3309768,2008-06-30
,,,,,,,,,3310287,2008-06-30
,,,,,,,,,3311145,2008-06-30
,,,,,,,,,3311181,2008-06-30
,,,,,,,,,3311789,2008-06-30
,,,,,,,,,3312124,2008-06-30
,,,,,,,,,3313943,2008-06-30
,,,,,,,,,3314043,2008-06-30
,,,,,,,,,3314119,2008-06-30
,,,,,,,,,3316739,2008-06-30
,,,,,,,,,3317192,2008-06-30
,,,,,,,,,3317932,2008-06-30
,,,,,,,,,3320576,2008-06-30
,,,,,,,,,3320781,2008-06-30
,,,,,,,,,3322347,2008-06-30
,,,,,,,,,3322468,2008-06-30
,,,,,,,,,3322561,2008-06-30
,,,,,,,,,3324994,2008-06-30
,,,,,,,,,3325759,2008-06-30
,,,,,,,,,3327164,2008-06-30
,,,,,,,,,3328376,2008-06-30
,,,,,,,,,3329663,2008-06-30
,,,,,,,,,3329702,2008-06-30
,,,,,,,,,3333594,2008-06-30
,,,,,,,,,3333848,2008-06-30
,,,,,,,,,3335301,2008-06-30
,,,,,,,,,3335598,2008-06-30
,,,,,,,,,3336607,2008-06-30
,,,,,,,,,3337097,2008-06-30
,,,,,,,,,3338357,2008-06-30
,,,,,,,,,3338704,2008-06-30
,,,,,,,,,3338843,2008-06-30
,,,,,,,,,3339046,2008-06-30
,,,,,,,,,3339925,2008-06-30
,,,,,,,,,3340903,2008-06-30
,,,,,,,,,3341393,2008-06-30
,,,,,,,,,3342671,2008-06-30
,,,,,,,,,3343146,2008-06-30
,,,,,,,,,3344321,2008-06-30
,,,,,,,,,3344536,2008-06-30
,,,,,,,,,3344611,2008-06-30
,,,,,,,,,3345065,2008-06-30
,,,,,,,,,3345168,2008-06-30
,,,,,,,,,3345449,2008-06-30
,,,,,,,,,3345944,2008-06-30
,,,,,,,,,3346268,2008-06-30
,,,,,,,,,3346286,2008-06-30
,,,,,,,,,3346295,2008-06-30
,,,,,,,,,3346633,2008-06-30
,,,,,,,,,3347603,2008-06-30
,,,,,,,,,3347911,2008-06-30
,,,,,,,,,3348057,2008-06-30
,,,,,,,,,3348468,2008-06-30
,,,,,,,,,3348888,2008-06-30
,,,,,,,,,3349241,2008-06-30
,,,,,,,,,3349429,2008-06-30
,,,,,,,,,3349643,2008-06-30
,,,,,,,,,3350546,2008-06-30
,,,,,,,,,3350658,2008-06-30
,,,,,,,,,3350724,2008-06-30
,,,,,,,,,3350779,2008-06-30
,,,,,,,,,3351440,2008-06-30
,,,,,,,,,3351598,2008-06-30
,,,,,,,,,3352577,2008-06-30
,,,,,,,,,3353154,2008-06-30
,,,,,,,,,3353172,2008-06-30
,,,,,,,,,3353266,2008-06-30
,,,,,,,,,3354599,2008-06-30
,,,,,,,,,3354704,2008-06-30
,,,,,,,,,3355587,2008-06-30
,,,,,,,,,3356191,2008-06-30
,,,,,,,,,3357077,2008-06-30
,,,,,,,,,3357219,2008-06-30
,,,,,,,,,3357385,2008-06-30
,,,,,,,,,3357620,2008-06-30
,,,,,,,,,3357705,2008-06-30
,,,,,,,,,3357871,2008-06-30
,,,,,,,,,3357899,2008-06-30
,,,,,,,,,3357910,2008-06-30
,,,,,,,,,3357947,2008-06-30
,,,,,,,,,3358252,2008-06-30
,,,,,,,,,3358270,2008-06-30
,,,,,,,,,3358289,2008-06-30
,,,,,,,,,3359062,2008-06-30
,,,,,,,,,3363920,2008-06-30
,,,,,,,,,3363939,2008-06-30
,,,,,,,,,3363957,2008-06-30
,,,,,,,,,3363966,2008-06-30
,,,,,,,,,3363975,2008-06-30
,,,,,,,,,3366239,2008-06-30
,,,,,,,,,3366453,2008-06-30
,,,,,,,,,3367067,2008-06-30
,,,,,,,,,3367085,2008-06-30
,,,,,,,,,3367964,2008-06-30
,,,,,,,,,3368635,2008-06-30
,,,,,,,,,3368831,2008-06-30
,,,,,,,,,3368925,2008-06-30
,,,,,,,,,3368989,2008-06-30
,,,,,,,,,3369007,2008-06-30
,,,,,,,,,3369940,2008-06-30
,,,,,,,,,3369959,2008-06-30
,,,,,,,,,3370133,2008-06-30
,,,,,,,,,3370357,2008-06-30
,,,,,,,,,3370366,2008-06-30
,,,,,,,,,3370384,2008-06-30
,,,,,,,,,3371309,2008-06-30
,,,,,,,,,3373947,2008-06-30
,,,,,,,,,3374186,2008-06-30
,,,,,,,,,3374234,2008-06-30
,,,,,,,,,3374298,2008-06-30
,,,,,,,,,3374382,2008-06-30
,,,,,,,,,3374403,2008-06-30
,,,,,,,,,3374412,2008-06-30
,,,,,,,,,3374878,2008-06-30
,,,,,,,,,3375080,2008-06-30
,,,,,,,,,3376144,2008-06-30
,,,,,,,,,3376461,2008-06-30
,,,,,,,,,3376733,2008-06-30
,,,,,,,,,3377084,2008-06-30
,,,,,,,,,3377235,2008-06-30
,,,,,,,,,3377374,2008-06-30
,,,,,,,,,3377954,2008-06-30
,,,,,,,,,3378773,2008-06-30
,,,,,,,,,3379426,2008-06-30
,,,,,,,,,3379471,2008-06-30
,,,,,,,,,3379819,2008-06-30
,,,,,,,,,3380066,2008-06-30
,,,,,,,,,3382547,2008-06-30
,,,,,,,,,3382921,2008-06-30
,,,,,,,,,3382967,2008-06-30
,,,,,,,,,3383076,2008-06-30
,,,,,,,,,3383366,2008-06-30
,,,,,,,,,3383599,2008-06-30
,,,,,,,,,3383601,2008-06-30
,,,,,,,,,3383665,2008-06-30
,,,,,,,,,3383982,2008-06-30
,,,,,,,,,3384318,2008-06-30
,,,,,,,,,3384372,2008-06-30
,,,,,,,,,3384466,2008-06-30
,,,,,,,,,3384840,2008-06-30
,,,,,,,,,3384868,2008-06-30
,,,,,,,,,3384934,2008-06-30
,,,,,,,,,3384952,2008-06-30
,,,,,,,,,3385285,2008-06-30
,,,,,,,,,3385324,2008-06-30
,,,,,,,,,3385744,2008-06-30
,,,,,,,,,3386143,2008-06-30
,,,,,,,,,3386264,2008-06-30
,,,,,,,,,3386536,2008-06-30
,,,,,,,,,3386554,2008-06-30
,,,,,,,,,3386590,2008-06-30
,,,,,,,,,3386983,2008-06-30
,,,,,,,,,3387140,2008-06-30
,,,,,,,,,3387159,2008-06-30
,,,,,,,,,3387926,2008-06-30
,,,,,,,,,3388080,2008-06-30
,,,,,,,,,3388165,2008-06-30
,,,,,,,,,3388370,2008-06-30
,,,,,,,,,3388419,2008-06-30
,,,,,,,,,3388482,2008-06-30
,,,,,,,,,3389434,2008-06-30
,,,,,,,,,3389582,2008-06-30
,,,,,,,,,3390337,2008-06-30
,,,,,,,,,3390627,2008-06-30
,,,,,,,,,3390702,2008-06-30
,,,,,,,,,3391606,2008-06-30
,,,,,,,,,3391718,2008-06-30
,,,,,,,,,3392292,2008-06-30
,,,,,,,,,3392872,2008-06-30
,,,,,,,,,3392975,2008-06-30
,,,,,,,,,3393785,2008-06-30
,,,,,,,,,3393806,2008-06-30
,,,,,,,,,3393824,2008-06-30
,,,,,,,,,3393851,2008-06-30
,,,,,,,,,3394018,2008-06-30
,,,,,,,,,3394278,2008-06-30
,,,,,,,,,3394380,2008-06-30
,,,,,,,,,3394670,2008-06-30
,,,,,,,,,3395293,2008-06-30
,,,,,,,,,3396375,2008-06-30
,,,,,,,,,3396535,2008-06-30
,,,,,,,,,3397019,2008-06-30
,,,,,,,,,3397233,2008-06-30
,,,,,,,,,3398100,2008-06-30
,,,,,,,,,3398306,2008-06-30
,,,,,,,,,3398623,2008-06-30
,,,,,,,,,3400928,2008-06-30
,,,,,,,,,3401970,2008-06-30
,,,,,,,,,3402481,2008-06-30
,,,,,,,,,3402575,2008-06-30
,,,,,,,,,3402904,2008-06-30
,,,,,,,,,3402913,2008-06-30
,,,,,,,,,3404207,2008-06-30
,,,,,,,,,3404373,2008-06-30
,,,,,,,,,3404467,2008-06-30
,,,,,,,,,3404506,2008-06-30
,,,,,,,,,3404869,2008-06-30
,,,,,,,,,3404999,2008-06-30
,,,,,,,,,3405633,2008-06-30
,,,,,,,,,3407084,2008-06-30
,,,,,,,,,3407114,2008-06-30
,,,,,,,,,3408728,2008-06-30
,,,,,,,,,3409462,2008-06-30
,,,,,,,,,3410141,2008-06-30
,,,,,,,,,3411018,2008-06-30
,,,,,,,,,3411157,2008-06-30
,,,,,,,,,3411773,2008-06-30
,,,,,,,,,3411791,2008-06-30
,,,,,,,,,3412417,2008-06-30
,,,,,,,,,3414046,2008-06-30
,,,,,,,,,3415454,2008-06-30
,,,,,,,,,3415463,2008-06-30
,,,,,,,,,3417319,2008-06-30
,,,,,,,,,3419416,2008-06-30
,,,,,,,,,3422658,2008-06-30
,,,,,,,,,3424483,2008-06-30
,,,,,,,,,3425211,2008-06-30
,,,,,,,,,3425725,2008-06-30
,,,,,,,,,3426245,2008-06-30
,,,,,,,,,3426656,2008-06-30
,,,,,,,,,3427765,2008-06-30
,,,,,,,,,3428221,2008-06-30
,,,,,,,,,3428258,2008-06-30
,,,,,,,,,3429059,2008-06-30
,,,,,,,,,3429219,2008-06-30
,,,,,,,,,3429282,2008-06-30
,,,,,,,,,3430297,2008-06-30
,,,,,,,,,3433047,2008-06-30
,,,,,,,,,3433056,2008-06-30
,,,,,,,,,3433186,2008-06-30
,,,,,,,,,3435948,2008-06-30
,,,,,,,,,3437081,2008-06-30
,,,,,,,,,3437139,2008-06-30
,,,,,,,,,3437148,2008-06-30
,,,,,,,,,3437157,2008-06-30
,,,,,,,,,3437166,2008-06-30
,,,,,,,,,3437456,2008-06-30
,,,,,,,,,3437483,2008-06-30
,,,,,,,,,3438060,2008-06-30
,,,,,,,,,3438958,2008-06-30
,,,,,,,,,3440803,2008-06-30
,,,,,,,,,3440830,2008-06-30
,,,,,,,,,3441033,2008-06-30
,,,,,,,,,3441426,2008-06-30
,,,,,,,,,3441480,2008-06-30
,,,,,,,,,3441592,2008-06-30
,,,,,,,,,3442704,2008-06-30
,,,,,,,,,3442834,2008-06-30
,,,,,,,,,3443345,2008-06-30
,,,,,,,,,3444212,2008-06-30
,,,,,,,,,3444539,2008-06-30
,,,,,,,,,3444566,2008-06-30
,,,,,,,,,3445170,2008-06-30
,,,,,,,,,3445460,2008-06-30
,,,,,,,,,3445769,2008-06-30
,,,,,,,,,3445901,2008-06-30
,,,,,,,,,3446225,2008-06-30
,,,,,,,,,3446636,2008-06-30
,,,,,,,,,3446766,2008-06-30
,,,,,,,,,3446784,2008-06-30
,,,,,,,,,3447455,2008-06-30
,,,,,,,,,3447576,2008-06-30
,,,,,,,,,3447772,2008-06-30
,,,,,,,,,3447875,2008-06-30
,,,,,,,,,3447893,2008-06-30
,,,,,,,,,3448162,2008-06-30
,,,,,,,,,3448171,2008-06-30
,,,,,,,,,3448180,2008-06-30
,,,,,,,,,3448425,2008-06-30
,,,,,,,,,3448751,2008-06-30
,,,,,,,,,3448836,2008-06-30
,,,,,,,,,3449066,2008-06-30
,,,,,,,,,3449486,2008-06-30
,,,,,,,,,3449730,2008-06-30
,,,,,,,,,3450950,2008-06-30
,,,,,,,,,3451050,2008-06-30
,,,,,,,,,3451902,2008-06-30
,,,,,,,,,3451957,2008-06-30
,,,,,,,,,3452123,2008-06-30
,,,,,,,,,3452310,2008-06-30
,,,,,,,,,3452365,2008-06-30
,,,,,,,,,3453737,2008-06-30
,,,,,,,,,3453867,2008-06-30
,,,,,,,,,3454613,2008-06-30
,,,,,,,,,3455227,2008-06-30
,,,,,,,,,3455236,2008-06-30
,,,,,,,,,3458862,2008-06-30
,,,,,,,,,3459140,2008-06-30
,,,,,,,,,3459207,2008-06-30
,,,,,,,,,3459216,2008-06-30
,,,,,,,,,3459346,2008-06-30
,,,,,,,,,3460847,2008-06-30
,,,,,,,,,3461488,2008-06-30
,,,,,,,,,3462074,2008-06-30
,,,,,,,,,3462092,2008-06-30
,,,,,,,,,3462430,2008-06-30
,,,,,,,,,3462449,2008-06-30
,,,,,,,,,3462458,2008-06-30
,,,,,,,,,3462654,2008-06-30
,,,,,,,,,3463875,2008-06-30
,,,,,,,,,3464368,2008-06-30
,,,,,,,,,3464827,2008-06-30
,,,,,,,,,3465226,2008-06-30
,,,,,,,,,3465244,2008-06-30
,,,,,,,,,3465383,2008-06-30
,,,,,,,,,3465392,2008-06-30
,,,,,,,,,3466979,2008-06-30
,,,,,,,,,3466988,2008-06-30
,,,,,,,,,3467006,2008-06-30
,,,,,,,,,3467266,2008-06-30
,,,,,,,,,3467556,2008-06-30
,,,,,,,,,3468450,2008-06-30
,,,,,,,,,3468656,2008-06-30
,,,,,,,,,3468665,2008-06-30
,,,,,,,,,3469448,2008-06-30
,,,,,,,,,3470097,2008-06-30
,,,,,,,,,3470154,2008-06-30
,,,,,,,,,3470864,2008-06-30
,,,,,,,,,3470930,2008-06-30
,,,,,,,,,3470985,2008-06-30
,,,,,,,,,3471094,2008-06-30
,,,,,,,,,3471209,2008-06-30
,,,,,,,,,3472046,2008-06-30
,,,,,,,,,3472167,2008-06-30
,,,,,,,,,3472859,2008-06-30
,,,,,,,,,3475083,2008-06-30
,,,,,,,,,3476192,2008-06-30
,,,,,,,,,3479018,2008-06-30
,,,,,,,,,3480069,2008-06-30
,,,,,,,,,3481703,2008-06-30
,,,,,,,,,3482045,2008-06-30
,,,,,,,,,3482111,2008-06-30
,,,,,,,,,3482166,2008-06-30
,,,,,,,,,3482812,2008-06-30
,,,,,,,,,3482894,2008-06-30
,,,,,,,,,3485215,2008-06-30
,,,,,,,,,3485224,2008-06-30
,,,,,,,,,3485420,2008-06-30
,,,,,,,,,3486623,2008-06-30
,,,,,,,,,3487358,2008-06-30
,,,,,,,,,3487385,2008-06-30
,,,,,,,,,3487433,2008-06-30
,,,,,,,,,3487509,2008-06-30
,,,,,,,,,3487518,2008-06-30
,,,,,,,,,3487947,2008-06-30
,,,,,,,,,3488579,2008-06-30
,,,,,,,,,3488869,2008-06-30
,,,,,,,,,3488980,2008-06-30
,,,,,,,,,3489035,2008-06-30
,,,,,,,,,3489071,2008-06-30
,,,,,,,,,3490871,2008-06-30
,,,,,,,,,3503696,2008-06-30
,,,,,,,,,3517590,2008-06-30
,,,,,,,,,3525577,2008-06-30
,,,,,,,,,3529650,2008-06-30
,,,,,,,,,3531176,2008-06-30
,,,,,,,,,3532641,2008-06-30
,,,,,,,,,3535848,2008-06-30
,,,,,,,,,3536407,2008-06-30
,,,,,,,,,3537897,2008-06-30
,,,,,,,,,3537963,2008-06-30
,,,,,,,,,3538009,2008-06-30
,,,,,,,,,3540226,2008-06-30
,,,,,,,,,3540310,2008-06-30
,,,,,,,,,3545258,2008-06-30
,,,,,,,,,3545324,2008-06-30
,,,,,,,,,3546862,2008-06-30
,,,,,,,,,3546899,2008-06-30
,,,,,,,,,3547131,2008-06-30
,,,,,,,,,3547140,2008-06-30
,,,,,,,,,3547449,2008-06-30
,,,,,,,,,3547896,2008-06-30
,,,,,,,,,3548204,2008-06-30
,,,,,,,,,3548567,2008-06-30
,,,,,,,,,3548763,2008-06-30
,,,,,,,,,3549180,2008-06-30
,,,,,,,,,3549256,2008-06-30
,,,,,,,,,3550131,2008-06-30
,,,,,,,,,3550579,2008-06-30
,,,,,,,,,3550896,2008-06-30
,,,,,,,,,3551521,2008-06-30
,,,,,,,,,3555248,2008-06-30
,,,,,,,,,3555695,2008-06-30
,,,,,,,,,3557617,2008-06-30
,,,,,,,,,3557895,2008-06-30
,,,,,,,,,3559714,2008-06-30
,,,,,,,,,3559938,2008-06-30
,,,,,,,,,3560420,2008-06-30
,,,,,,,,,3560747,2008-06-30
,,,,,,,,,3560756,2008-06-30
,,,,,,,,,3560783,2008-06-30
,,,,,,,,,3561771,2008-06-30
,,,,,,,,,3564286,2008-06-30
,,,,,,,,,3565265,2008-06-30
,,,,,,,,,3567269,2008-06-30
,,,,,,,,,3567504,2008-06-30
,,,,,,,,,3571015,2008-06-30
,,,,,,,,,3576337,2008-06-30
,,,,,,,,,3577389,2008-06-30
,,,,,,,,,3577428,2008-06-30
,,,,,,,,,3579589,2008-06-30
,,,,,,,,,3579936,2008-06-30
,,,,,,,,,3580334,2008-06-30
,,,,,,,,,3582552,2008-06-30
,,,,,,,,,3582673,2008-06-30
,,,,,,,,,3584538,2008-06-30
,,,,,,,,,3586925,2008-06-30
,,,,,,,,,3587726,2008-06-30
,,,,,,,,,3588312,2008-06-30
,,,,,,,,,3588424,2008-06-30
,,,,,,,,,3589588,2008-06-30
,,,,,,,,,3590007,2008-06-30
,,,,,,,,,3590016,2008-06-30
,,,,,,,,,3590977,2008-06-30
,,,,,,,,,3591013,2008-06-30
,,,,,,,,,3591282,2008-06-30
,,,,,,,,,3592047,2008-06-30
,,,,,,,,,3592609,2008-06-30
,,,,,,,,,3592814,2008-06-30
,,,,,,,,,3593307,2008-06-30
,,,,,,,,,3594005,2008-06-30
,,,,,,,,,3594087,2008-06-30
,,,,,,,,,3594797,2008-06-30
,,,,,,,,,3595066,2008-06-30
,,,,,,,,,3595262,2008-06-30
,,,,,,,,,3595271,2008-06-30
,,,,,,,,,3595637,2008-06-30
,,,,,,,,,3595682,2008-06-30
,,,,,,,,,3596111,2008-06-30
,,,,,,,,,3596250,2008-06-30
,,,,,,,,,3596380,2008-06-30
,,,,,,,,,3596894,2008-06-30
,,,,,,,,,3597211,2008-06-30
,,,,,,,,,3597239,2008-06-30
,,,,,,,,,3597305,2008-06-30
,,,,,,,,,3597592,2008-06-30
,,,,,,,,,3597677,2008-06-30
,,,,,,,,,3598218,2008-06-30
,,,,,,,,,3599055,2008-06-30
,,,,,,,,,3599578,2008-06-30
,,,,,,,,,3599608,2008-06-30
,,,,,,,,,3601079,2008-06-30
,,,,,,,,,3602469,2008-06-30
,,,,,,,,,3602889,2008-06-30
,,,,,,,,,3603457,2008-06-30
,,,,,,,,,3603961,2008-06-30
,,,,,,,,,3603970,2008-06-30
,,,,,,,,,3604155,2008-06-30
,,,,,,,,,3606533,2008-06-30
,,,,,,,,,3606971,2008-06-30
,,,,,,,,,3607062,2008-06-30
,,,,,,,,,3610567,2008-06-30
,,,,,,,,,3610576,2008-06-30
,,,,,,,,,3610718,2008-06-30
,,,,,,,,,3612525,2008-06-30
,,,,,,,,,3613559,2008-06-30
,,,,,,,,,3613652,2008-06-30
,,,,,,,,,3614369,2008-06-30
,,,,,,,,,3614837,2008-06-30
,,,,,,,,,3614930,2008-06-30
,,,,,,,,,3614958,2008-06-30
,,,,,,,,,3614976,2008-06-30
,,,,,,,,,3615021,2008-06-30
,,,,,,,,,3616309,2008-06-30
,,,,,,,,,3616680,2008-06-30
,,,,,,,,,3619216,2008-06-30
,,,,,,,,,3620539,2008-06-30
,,,,,,,,,3620913,2008-06-30
,,,,,,,,,3620922,2008-06-30
,,,,,,,,,3622533,2008-06-30
,,,,,,,,,3623110,2008-06-30
,,,,,,,,,3623969,2008-06-30
,,,,,,,,,3625002,2008-06-30
,,,,,,,,,3625048,2008-06-30
,,,,,,,,,3625132,2008-06-30
,,,,,,,,,3625589,2008-06-30
,,,,,,,,,3625664,2008-06-30
,,,,,,,,,3626184,2008-06-30
,,,,,,,,,3627109,2008-06-30
,,,,,,,,,3628777,2008-06-30
,,,,,,,,,3629420,2008-06-30
,,,,,,,,,3629484,2008-06-30
,,,,,,,,,3630323,2008-06-30
,,,,,,,,,3631067,2008-06-30
,,,,,,,,,3631870,2008-06-30
,,,,,,,,,3632448,2008-06-30
,,,,,,,,,3633016,2008-06-30
,,,,,,,,,3633173,2008-06-30
,,,,,,,,,3634394,2008-06-30
,,,,,,,,,3634433,2008-06-30
,,,,,,,,,3635029,2008-06-30
,,,,,,,,,3635533,2008-06-30
,,,,,,,,,3635551,2008-06-30
,,,,,,,,,3636259,2008-06-30
,,,,,,,,,3636428,2008-06-30
,,,,,,,,,3636446,2008-06-30
,,,,,,,,,3636914,2008-06-30
,,,,,,,,,3637050,2008-06-30
,,,,,,,,,3637096,2008-06-30
,,,,,,,,,3637229,2008-06-30
,,,,,,,,,3637247,2008-06-30
,,,,,,,,,3637706,2008-06-30
,,,,,,,,,3637993,2008-06-30
,,,,,,,,,3640283,2008-06-30
,,,,,,,,,3640854,2008-06-30
,,,,,,,,,3641552,2008-06-30
,,,,,,,,,3642287,2008-06-30
,,,,,,,,,3642308,2008-06-30
,,,,,,,,,3644311,2008-06-30
,,,,,,,,,3645840,2008-06-30
,,,,,,,,,3646397,2008-06-30
,,,,,,,,,3648337,2008-06-30
,,,,,,,,,3649633,2008-06-30
,,,,,,,,,3650273,2008-06-30
,,,,,,,,,3650442,2008-06-30
,,,,,,,,,3650563,2008-06-30
,,,,,,,,,3650808,2008-06-30
,,,,,,,,,3654093,2008-06-30
,,,,,,,,,3655081,2008-06-30
,,,,,,,,,3655933,2008-06-30
,,,,,,,,,3660478,2008-06-30
,,,,,,,,,3667105,2008-06-30
,,,,,,,,,3667132,2008-06-30
,,,,,,,,,3669930,2008-06-30
,,,,,,,,,3671250,2008-06-30
,,,,,,,,,3671997,2008-06-30
,,,,,,,,,3672051,2008-06-30
,,,,,,,,,3678857,2008-06-30
,,,,,,,,,3685396,2008-06-30
,,,,,,,,,3686722,2008-06-30
,,,,,,,,,3686928,2008-06-30
,,,,,,,,,3686982,2008-06-30
,,,,,,,,,3688043,2008-06-30
,,,,,,,,,3688548,2008-06-30
,,,,,,,,,3688566,2008-06-30
,,,,,,,,,3689385,2008-06-30
,,,,,,,,,3690596,2008-06-30
,,,,,,,,,3690635,2008-06-30
,,,,,,,,,3690662,2008-06-30
,,,,,,,,,3690701,2008-06-30
,,,,,,,,,3696936,2008-06-30
,,,,,,,,,3701054,2008-06-30
,,,,,,,,,3706013,2008-06-30
,,,,,,,,,3715341,2008-06-30
,,,,,,,,,3715800,2008-06-30
,,,,,,,,,3716320,2008-06-30
,,,,,,,,,3716852,2008-06-30
,,,,,,,,,3716982,2008-06-30
,,,,,,,,,3717167,2008-06-30
,,,,,,,,,3717288,2008-06-30
,,,,,,,,,3717578,2008-06-30
,,,,,,,,,3718548,2008-06-30
,,,,,,,,,3719648,2008-06-30
,,,,,,,,,3720336,2008-06-30
,,,,,,,,,3720608,2008-06-30
,,,,,,,,,3729124,2008-06-30
,,,,,,,,,3730746,2008-06-30
,,,,,,,,,3733411,2008-06-30
,,,,,,,,,3735040,2008-06-30
,,,,,,,,,3750650,2008-06-30
,,,,,,,,,3783313,2008-06-30
,,,,,,,,,3783948,2008-06-30
,,,,,,,,,3786435,2008-06-30
,,,,,,,,,3803789,2008-06-30
